0.570300 ; 1.333817 ; 6.451163 ; 187 ; 282
0.578500 ; 1.333937 ; 5.807340 ; 180 ; 286
0.690000 ; 1.329939 ; 6.223881 ; 177 ; 328
0.692000 ; 1.330324 ; 5.940299 ; 165 ; 334
0.696600 ; 1.336131 ; 5.842364 ; 167 ; 326
0.707100 ; 1.333644 ; 6.320176 ; 194 ; 294
0.708100 ; 1.334097 ; 6.361502 ; 183 ; 344
0.715400 ; 1.336484 ; 6.264706 ; 170 ; 340
0.726200 ; 1.333948 ; 6.324201 ; 188 ; 288
0.738900 ; 1.330733 ; 5.671795 ; 166 ; 320
0.743300 ; 1.330724 ; 6.069445 ; 185 ; 278
0.752600 ; 1.335495 ; 6.907080 ; 194 ; 296
0.756300 ; 1.330888 ; 5.527638 ; 162 ; 316
0.797500 ; 1.335419 ; 6.042056 ; 176 ; 278
0.803000 ; 1.332397 ; 6.530864 ; 201 ; 252
0.808200 ; 1.333077 ; 5.633333 ; 176 ; 288
0.814100 ; 1.335401 ; 5.542857 ; 174 ; 276
0.826900 ; 1.334171 ; 6.050926 ; 186 ; 280
0.828200 ; 1.331448 ; 5.609091 ; 176 ; 292
0.828800 ; 1.332285 ; 6.041841 ; 192 ; 246
0.833000 ; 1.330927 ; 5.534883 ; 171 ; 274
0.836000 ; 1.332522 ; 5.586592 ; 157 ; 328
0.837100 ; 1.333828 ; 6.380753 ; 200 ; 293
0.846000 ; 1.334864 ; 6.317307 ; 180 ; 326
0.850300 ; 1.329916 ; 5.625616 ; 164 ; 344
0.853700 ; 1.332025 ; 5.549763 ; 172 ; 276
0.858500 ; 1.330899 ; 5.400922 ; 174 ; 298
0.864800 ; 1.331523 ; 5.815166 ; 176 ; 290
0.871000 ; 1.337015 ; 6.372449 ; 167 ; 353
0.887600 ; 1.330391 ; 5.779817 ; 173 ; 294
0.887600 ; 1.335124 ; 6.954918 ; 208 ; 238
0.899800 ; 1.333106 ; 5.921488 ; 195 ; 254
0.901000 ; 1.331293 ; 5.924107 ; 184 ; 290
0.904900 ; 1.333178 ; 6.138393 ; 186 ; 294
0.919500 ; 1.330452 ; 5.595349 ; 174 ; 296
0.936900 ; 1.337142 ; 6.638393 ; 192 ; 284
0.938400 ; 1.334654 ; 6.800000 ; 194 ; 290
0.944000 ; 1.332733 ; 6.237864 ; 172 ; 340
0.948200 ; 1.335465 ; 6.312757 ; 202 ; 266
0.950600 ; 1.332631 ; 5.187845 ; 154 ; 341
0.955000 ; 1.335956 ; 6.642276 ; 206 ; 248
0.956200 ; 1.333220 ; 6.168182 ; 181 ; 327
0.957700 ; 1.330002 ; 5.762791 ; 171 ; 298
0.961200 ; 1.334439 ; 6.799197 ; 209 ; 260
0.961300 ; 1.330161 ; 5.338308 ; 156 ; 342
0.965000 ; 1.333013 ; 6.453333 ; 193 ; 290
0.976000 ; 1.332305 ; 5.959821 ; 189 ; 257
0.980000 ; 1.332564 ; 6.433884 ; 202 ; 252
0.989000 ; 1.332438 ; 5.457143 ; 168 ; 294
0.994200 ; 1.330830 ; 5.633803 ; 169 ; 278
0.997700 ; 1.331963 ; 6.118421 ; 188 ; 294
0.998500 ; 1.330999 ; 5.708333 ; 167 ; 334
0.999200 ; 1.335294 ; 6.135514 ; 180 ; 311
0.999500 ; 1.331214 ; 5.940639 ; 181 ; 304
1.001100 ; 1.329211 ; 6.124424 ; 183 ; 288
1.002500 ; 1.333492 ; 6.139535 ; 181 ; 308
1.003200 ; 1.334541 ; 5.544117 ; 166 ; 356
1.008800 ; 1.330841 ; 5.930348 ; 172 ; 332
1.008900 ; 1.334682 ; 5.718750 ; 162 ; 359
1.009100 ; 1.332079 ; 5.929245 ; 170 ; 311
1.022600 ; 1.333281 ; 6.395061 ; 207 ; 213
1.024700 ; 1.333252 ; 6.084507 ; 186 ; 300
1.028300 ; 1.332220 ; 6.490909 ; 195 ; 306
1.029300 ; 1.333114 ; 6.292373 ; 200 ; 240
1.030000 ; 1.337733 ; 5.367925 ; 168 ; 278
1.030200 ; 1.335410 ; 6.437230 ; 188 ; 300
1.030700 ; 1.332907 ; 5.939815 ; 182 ; 290
1.033200 ; 1.333810 ; 6.297521 ; 198 ; 266
1.033600 ; 1.329781 ; 5.808824 ; 171 ; 334
1.036300 ; 1.335412 ; 5.893617 ; 195 ; 244
1.038700 ; 1.332245 ; 5.486607 ; 175 ; 300
1.039500 ; 1.331744 ; 5.362245 ; 157 ; 320
1.044600 ; 1.335897 ; 5.650794 ; 160 ; 368
1.047100 ; 1.332567 ; 6.469298 ; 192 ; 300
1.047400 ; 1.332981 ; 6.170507 ; 180 ; 284
1.049700 ; 1.330735 ; 5.181818 ; 156 ; 354
1.050000 ; 1.333334 ; 6.664032 ; 216 ; 202
1.051700 ; 1.330092 ; 5.617801 ; 170 ; 348
1.052600 ; 1.333476 ; 6.305825 ; 175 ; 332
1.053500 ; 1.334775 ; 5.902655 ; 184 ; 294
1.058600 ; 1.331101 ; 6.859259 ; 228 ; 222
1.060200 ; 1.332305 ; 5.635514 ; 176 ; 292
1.068000 ; 1.332283 ; 6.204545 ; 177 ; 350
1.068200 ; 1.331605 ; 6.097872 ; 196 ; 240
1.069100 ; 1.330065 ; 5.179487 ; 159 ; 294
1.074400 ; 1.330124 ; 5.986486 ; 183 ; 300
1.078800 ; 1.333661 ; 7.008811 ; 198 ; 318
1.079900 ; 1.333443 ; 5.894273 ; 180 ; 306
1.080000 ; 1.332779 ; 6.500000 ; 207 ; 266
1.081800 ; 1.331334 ; 5.965368 ; 192 ; 265
1.086600 ; 1.331384 ; 6.631179 ; 219 ; 214
1.088800 ; 1.331383 ; 5.438679 ; 170 ; 313
1.089100 ; 1.333224 ; 6.133333 ; 191 ; 294
1.090100 ; 1.332729 ; 5.784404 ; 180 ; 278
1.093100 ; 1.333494 ; 6.639676 ; 209 ; 268
1.093400 ; 1.330899 ; 6.044554 ; 174 ; 342
1.093400 ; 1.333937 ; 5.460465 ; 175 ; 257
1.096500 ; 1.335403 ; 6.168889 ; 184 ; 310
1.097600 ; 1.331207 ; 6.685990 ; 184 ; 352
1.097900 ; 1.335996 ; 5.774648 ; 177 ; 300
