146 , 365.230865 , 5.357513 , 30, 157 , 332 ;
147 , 364.362305 , 6.055555 , 32, 166 , 410 ;
157 , 366.417664 , 6.812808 , 30, 183 , 332 ;
162 , 366.288788 , 6.245536 , 28, 186 , 282 ;
171 , 361.300079 , 6.283186 , 28, 183 , 302 ;
171 , 370.166138 , 5.626214 , 29, 167 , 301 ;
177 , 366.523895 , 6.147321 , 28, 181 , 288 ;
177 , 367.342621 , 5.707071 , 30, 163 , 330 ;
178 , 363.841675 , 6.176471 , 30, 172 , 334 ;
178 , 368.504456 , 5.303738 , 28, 168 , 284 ;
181 , 370.302094 , 5.429224 , 28, 169 , 298 ;
182 , 364.368256 , 6.155251 , 28, 188 , 294 ;
185 , 368.710480 , 6.228814 , 26, 196 , 244 ;
189 , 365.004089 , 5.633880 , 32, 155 , 380 ;
191 , 362.813416 , 5.940299 , 30, 165 , 334 ;
191 , 367.389465 , 5.974359 , 30, 167 , 350 ;
192 , 366.203949 , 5.814815 , 28, 178 , 280 ;
192 , 375.601196 , 6.013637 , 28, 184 , 298 ;
196 , 366.927612 , 6.208738 , 30, 173 , 348 ;
199 , 370.726562 , 6.050926 , 28, 186 , 280 ;
202 , 366.497192 , 5.709091 , 28, 176 , 308 ;
206 , 362.412689 , 5.456410 , 30, 157 , 322 ;
209 , 363.120331 , 6.069445 , 28, 185 , 278 ;
212 , 366.171814 , 6.470874 , 30, 175 , 330 ;
212 , 367.913727 , 6.218750 , 29, 183 , 345 ;
213 , 365.850677 , 6.376744 , 29, 180 , 321 ;
213 , 365.236206 , 6.086735 , 30, 170 , 328 ;
214 , 371.047150 , 5.300000 , 30, 159 , 332 ;
215 , 362.671509 , 5.758621 , 29, 181 , 315 ;
215 , 370.793640 , 6.189054 , 30, 166 , 316 ;
216 , 367.835938 , 5.893939 , 29, 166 , 295 ;
216 , 367.520691 , 6.222727 , 30, 181 , 360 ;
216 , 374.410919 , 6.625000 , 29, 184 , 307 ;
219 , 370.494385 , 5.670051 , 30, 164 , 326 ;
219 , 366.387329 , 6.152778 , 29, 180 , 345 ;
219 , 366.957306 , 5.670000 , 29, 168 , 319 ;
221 , 365.925385 , 5.640187 , 28, 173 , 284 ;
221 , 375.734772 , 5.718232 , 31, 159 , 343 ;
221 , 368.215302 , 6.290749 , 28, 189 , 284 ;
222 , 369.460236 , 5.874494 , 26, 190 , 268 ;
223 , 359.695435 , 5.374408 , 29, 168 , 309 ;
223 , 362.677429 , 5.977579 , 28, 182 , 284 ;
223 , 365.802582 , 6.275862 , 30, 176 , 380 ;
224 , 363.106659 , 4.847953 , 32, 140 , 372 ;
225 , 369.451904 , 5.480952 , 28, 170 , 272 ;
226 , 367.691040 , 5.605911 , 30, 172 , 338 ;
227 , 367.603210 , 6.164383 , 28, 182 , 294 ;
227 , 366.761963 , 6.529412 , 28, 186 , 286 ;
227 , 368.712189 , 5.796792 , 31, 158 , 347 ;
228 , 367.469635 , 6.173913 , 29, 178 , 307 ;
229 , 368.294830 , 6.139535 , 28, 181 , 308 ;
229 , 372.767609 , 7.034188 , 27, 207 , 275 ;
229 , 370.232635 , 6.014084 , 29, 182 , 337 ;
229 , 364.867523 , 6.676991 , 29, 190 , 327 ;
232 , 361.541138 , 5.630542 , 29, 170 , 305 ;
233 , 368.391632 , 6.343874 , 26, 204 , 266 ;
233 , 368.595276 , 6.064516 , 29, 183 , 323 ;
233 , 367.055847 , 5.759259 , 28, 173 , 282 ;
233 , 367.512360 , 6.300000 , 29, 182 , 323 ;
234 , 370.441010 , 5.457547 , 28, 169 , 296 ;
234 , 365.156067 , 5.338542 , 30, 156 , 334 ;
235 , 366.262085 , 6.152381 , 30, 178 , 342 ;
236 , 370.761597 , 5.807340 , 28, 180 , 286 ;
236 , 366.713257 , 5.533019 , 28, 181 , 282 ;
237 , 370.515808 , 6.451163 , 28, 187 , 282 ;
237 , 361.696716 , 5.808824 , 30, 171 , 334 ;
237 , 363.855316 , 5.633803 , 28, 169 , 278 ;
237 , 366.200317 , 5.817352 , 28, 179 , 298 ;
237 , 370.315125 , 6.492146 , 32, 167 , 400 ;
238 , 363.876709 , 5.930348 , 30, 172 , 332 ;
238 , 364.664490 , 6.038627 , 26, 193 , 260 ;
238 , 362.331940 , 5.920188 , 28, 181 , 278 ;
239 , 364.202637 , 5.708333 , 30, 167 , 334 ;
240 , 363.005768 , 4.865000 , 28, 157 , 274 ;
240 , 364.108826 , 6.214286 , 28, 186 , 282 ;
240 , 365.808533 , 4.808290 , 30, 151 , 318 ;
241 , 362.936310 , 6.038961 , 28, 189 , 318 ;
241 , 370.611969 , 5.165000 , 28, 163 , 270 ;
241 , 364.899597 , 5.893023 , 28, 179 , 298 ;
242 , 363.563812 , 4.906593 , 30, 145 , 308 ;
243 , 372.775299 , 6.042056 , 28, 176 , 278 ;
244 , 368.952026 , 6.240566 , 28, 188 , 310 ;
244 , 372.214294 , 6.236363 , 28, 188 , 288 ;
244 , 364.124847 , 5.614286 , 28, 171 , 274 ;
244 , 362.340881 , 5.831776 , 28, 181 , 294 ;
245 , 370.037292 , 5.738693 , 30, 161 , 330 ;
245 , 368.591583 , 5.751296 , 31, 164 , 359 ;
245 , 365.650604 , 5.118484 , 28, 170 , 286 ;
246 , 371.276886 , 6.799197 , 26, 209 , 260 ;
246 , 372.283752 , 5.719457 , 28, 175 , 294 ;
246 , 367.659607 , 5.903846 , 30, 166 , 348 ;
246 , 365.540771 , 5.361111 , 27, 175 , 261 ;
246 , 372.770599 , 6.507538 , 30, 177 , 318 ;
246 , 376.115356 , 6.235294 , 28, 188 , 284 ;
246 , 361.396881 , 6.123153 , 29, 178 , 317 ;
246 , 363.422546 , 5.906103 , 28, 180 , 294 ;
246 , 365.457642 , 6.377119 , 27, 194 , 269 ;
247 , 367.440552 , 5.795833 , 26, 192 , 256 ;
247 , 366.392670 , 6.469298 , 28, 192 , 300 ;
247 , 365.997925 , 7.007968 , 26, 216 , 264 ;
247 , 362.022644 , 5.678757 , 30, 165 , 322 ;
248 , 367.077209 , 6.530864 , 26, 201 , 252 ;
249 , 372.522461 , 5.544117 , 30, 166 , 356 ;
249 , 376.654388 , 5.925743 , 30, 166 , 334 ;
249 , 372.518829 , 6.135514 , 29, 180 , 311 ;
249 , 372.962952 , 6.126316 , 30, 163 , 340 ;
249 , 368.949646 , 5.948498 , 28, 185 , 310 ;
249 , 369.174072 , 5.758474 , 28, 180 , 314 ;
249 , 370.862488 , 6.653680 , 28, 196 , 296 ;
249 , 369.981506 , 6.116279 , 28, 185 , 300 ;
250 , 362.121796 , 5.338461 , 31, 157 , 355 ;
250 , 362.022644 , 6.223881 , 30, 177 , 328 ;
250 , 363.093018 , 5.940639 , 28, 181 , 304 ;
250 , 371.645569 , 5.995146 , 29, 171 , 313 ;
250 , 361.162415 , 5.664921 , 30, 162 , 324 ;
250 , 376.023926 , 5.837963 , 29, 175 , 321 ;
251 , 366.965027 , 5.886793 , 28, 173 , 296 ;
251 , 365.946228 , 6.303965 , 27, 192 , 273 ;
251 , 364.459106 , 6.105485 , 26, 194 , 250 ;
251 , 362.816406 , 5.427835 , 30, 164 , 338 ;
251 , 370.896912 , 5.465240 , 32, 157 , 400 ;
252 , 372.236298 , 6.800000 , 28, 194 , 290 ;
252 , 373.203400 , 6.954918 , 26, 208 , 238 ;
252 , 360.638794 , 5.104762 , 28, 165 , 290 ;
252 , 361.368439 , 5.186869 , 30, 158 , 332 ;
252 , 372.344879 , 6.727273 , 29, 186 , 315 ;
252 , 363.221863 , 5.945000 , 30, 174 , 360 ;
252 , 370.879761 , 6.125000 , 27, 192 , 283 ;
253 , 364.891876 , 5.730769 , 30, 168 , 340 ;
253 , 366.941284 , 5.929245 , 29, 170 , 311 ;
253 , 365.607849 , 6.490385 , 29, 176 , 307 ;
253 , 375.874298 , 6.475555 , 28, 194 , 296 ;
253 , 371.121948 , 6.841880 , 27, 199 , 271 ;
253 , 370.093689 , 6.501916 , 26, 212 , 270 ;
253 , 368.260406 , 5.756757 , 28, 176 , 292 ;
253 , 363.189178 , 6.283721 , 28, 185 , 318 ;
253 , 369.061859 , 5.546667 , 27, 180 , 265 ;
253 , 369.190094 , 6.047009 , 28, 189 , 314 ;
254 , 365.874390 , 5.986784 , 26, 192 , 238 ;
254 , 369.457245 , 6.151515 , 32, 166 , 386 ;
254 , 363.839294 , 5.843434 , 30, 166 , 334 ;
254 , 372.511139 , 6.521008 , 28, 200 , 316 ;
255 , 362.853821 , 5.617801 , 30, 170 , 348 ;
255 , 362.490479 , 5.625616 , 30, 164 , 344 ;
255 , 369.035156 , 6.899599 , 26, 209 , 262 ;
255 , 361.894409 , 5.948052 , 28, 179 , 320 ;
255 , 364.453125 , 5.371428 , 28, 170 , 288 ;
255 , 365.588867 , 5.385417 , 30, 156 , 332 ;
256 , 375.801849 , 6.638393 , 28, 192 , 284 ;
256 , 369.201416 , 6.138393 , 28, 186 , 294 ;
256 , 366.301849 , 5.932367 , 28, 175 , 306 ;
256 , 368.038971 , 6.096639 , 28, 183 , 308 ;
256 , 373.251404 , 6.688034 , 28, 201 , 302 ;
256 , 370.197571 , 5.760369 , 28, 174 , 290 ;
256 , 362.385986 , 5.443820 , 32, 145 , 400 ;
256 , 364.213928 , 5.804167 , 27, 188 , 277 ;
257 , 364.244751 , 5.815166 , 28, 176 , 290 ;
257 , 364.482819 , 5.701923 , 30, 177 , 318 ;
257 , 368.816071 , 6.639676 , 26, 209 , 268 ;
257 , 367.469635 , 6.413043 , 28, 191 , 292 ;
257 , 367.079590 , 6.149038 , 29, 178 , 299 ;
257 , 368.530548 , 6.081448 , 28, 181 , 298 ;
257 , 362.976074 , 5.406250 , 27, 176 , 271 ;
258 , 370.964569 , 6.113636 , 28, 182 , 300 ;
258 , 362.150879 , 5.762791 , 28, 171 , 298 ;
258 , 365.014160 , 6.466368 , 28, 186 , 314 ;
258 , 372.772949 , 6.197369 , 28, 189 , 292 ;
258 , 374.325439 , 6.172566 , 27, 190 , 271 ;
258 , 369.996918 , 5.666667 , 28, 181 , 282 ;
259 , 365.441620 , 6.248804 , 29, 179 , 313 ;
259 , 364.659149 , 6.621399 , 28, 200 , 316 ;
259 , 363.499695 , 4.927185 , 28, 156 , 274 ;
259 , 369.217377 , 5.790909 , 28, 180 , 290 ;
259 , 367.495728 , 5.694915 , 32, 153 , 370 ;
259 , 371.650909 , 6.365145 , 26, 202 , 274 ;
259 , 365.612579 , 6.192771 , 26, 204 , 260 ;
260 , 363.067535 , 6.600000 , 29, 190 , 309 ;
260 , 361.770905 , 6.081081 , 28, 185 , 292 ;
260 , 364.760040 , 6.090425 , 31, 170 , 373 ;
260 , 362.396667 , 5.690722 , 30, 166 , 322 ;
260 , 366.387329 , 6.242553 , 26, 201 , 244 ;
260 , 372.279022 , 6.655738 , 26, 202 , 248 ;
260 , 367.763489 , 6.270042 , 26, 195 , 262 ;
261 , 362.923279 , 5.815166 , 29, 173 , 317 ;
261 , 369.257202 , 5.768889 , 28, 183 , 304 ;
261 , 365.984863 , 5.684874 , 26, 191 , 260 ;
261 , 365.604889 , 6.130630 , 28, 187 , 306 ;
261 , 363.737793 , 5.325967 , 31, 153 , 355 ;
261 , 365.201172 , 6.895238 , 30, 188 , 374 ;
261 , 367.047516 , 6.464286 , 28, 189 , 298 ;
262 , 365.206512 , 6.395745 , 27, 193 , 295 ;
262 , 365.807312 , 5.916667 , 28, 180 , 286 ;
262 , 366.139191 , 5.860215 , 31, 160 , 363 ;
262 , 372.756927 , 5.541463 , 28, 171 , 286 ;
262 , 368.265747 , 6.202765 , 30, 183 , 368 ;
262 , 367.622223 , 6.495763 , 26, 196 , 252 ;
262 , 363.360779 , 5.732719 , 28, 182 , 276 ;
262 , 592.422546 , 6.527093 , 30, 178 , 372 ;
262 , 369.489319 , 5.619048 , 30, 164 , 322 ;
263 , 365.093689 , 5.457143 , 28, 168 , 294 ;
263 , 362.559326 , 5.595349 , 28, 174 , 296 ;
263 , 374.965973 , 6.264706 , 30, 170 , 340 ;
263 , 367.271942 , 6.525862 , 26, 200 , 256 ;
263 , 362.310547 , 5.802083 , 30, 165 , 340 ;
263 , 363.946167 , 6.483568 , 29, 188 , 325 ;
263 , 366.641449 , 5.373786 , 28, 170 , 290 ;
264 , 367.250549 , 6.237864 , 30, 172 , 340 ;
264 , 366.751282 , 6.542857 , 26, 205 , 266 ;
264 , 372.769958 , 5.959184 , 30, 169 , 332 ;
264 , 369.012024 , 6.584415 , 28, 188 , 310 ;
264 , 370.408325 , 5.070652 , 30, 154 , 316 ;
264 , 367.098602 , 6.528226 , 26, 201 , 262 ;
264 , 367.370453 , 5.542453 , 29, 168 , 331 ;
264 , 363.927155 , 5.597990 , 29, 166 , 291 ;
265 , 365.423218 , 5.871134 , 30, 169 , 348 ;
265 , 361.886078 , 5.986486 , 28, 183 , 300 ;
265 , 367.061188 , 5.791262 , 29, 176 , 297 ;
265 , 377.373352 , 6.192660 , 28, 182 , 282 ;
265 , 368.682495 , 5.466063 , 28, 174 , 288 ;
265 , 374.824066 , 6.098655 , 28, 183 , 300 ;
265 , 374.833038 , 6.966942 , 26, 207 , 242 ;
265 , 375.524017 , 6.824034 , 28, 194 , 316 ;
266 , 360.002960 , 6.603448 , 28, 191 , 304 ;
266 , 373.184998 , 6.317307 , 30, 180 , 326 ;
266 , 364.688232 , 5.902326 , 28, 183 , 300 ;
266 , 369.586731 , 6.612335 , 28, 188 , 304 ;
266 , 370.232635 , 5.693780 , 28, 174 , 272 ;
266 , 370.816772 , 5.566667 , 28, 170 , 294 ;
266 , 374.265900 , 7.074562 , 28, 197 , 304 ;
266 , 374.637695 , 5.877358 , 28, 175 , 286 ;
266 , 366.324402 , 6.557143 , 30, 179 , 356 ;
267 , 363.959839 , 6.162791 , 28, 188 , 302 ;
267 , 366.414062 , 6.358140 , 28, 187 , 284 ;
267 , 370.112701 , 5.556650 , 29, 169 , 295 ;
267 , 365.628601 , 6.198157 , 28, 187 , 306 ;
267 , 368.297791 , 6.083333 , 28, 187 , 300 ;
267 , 361.285309 , 5.599138 , 26, 183 , 242 ;
267 , 365.030823 , 6.017857 , 28, 187 , 294 ;
268 , 366.817780 , 5.586592 , 30, 157 , 328 ;
268 , 370.328796 , 5.742082 , 28, 184 , 288 ;
268 , 368.835083 , 6.084507 , 28, 186 , 300 ;
268 , 366.368958 , 6.029412 , 28, 179 , 274 ;
268 , 362.179962 , 6.004273 , 26, 191 , 244 ;
268 , 368.319183 , 5.951691 , 29, 176 , 299 ;
268 , 366.278107 , 6.800885 , 28, 189 , 316 ;
268 , 365.124634 , 6.092166 , 28, 179 , 288 ;
269 , 370.537170 , 6.380753 , 27, 200 , 293 ;
269 , 368.666473 , 6.322727 , 28, 190 , 278 ;
269 , 367.895325 , 5.734807 , 32, 157 , 368 ;
269 , 366.655121 , 6.221312 , 25, 199 , 225 ;
269 , 363.112640 , 5.924107 , 28, 182 , 292 ;
269 , 367.218506 , 6.017094 , 27, 192 , 271 ;
270 , 368.642120 , 7.008811 , 28, 198 , 318 ;
270 , 360.480865 , 6.017937 , 28, 192 , 298 ;
270 , 367.836578 , 5.950000 , 27, 181 , 273 ;
270 , 368.832733 , 6.700893 , 28, 194 , 298 ;
270 , 362.078430 , 6.849594 , 26, 208 , 260 ;
270 , 365.728394 , 6.457778 , 28, 183 , 300 ;
270 , 369.873962 , 6.782427 , 26, 213 , 256 ;
270 , 360.782440 , 5.863636 , 29, 172 , 317 ;
270 , 364.073761 , 6.070755 , 28, 175 , 288 ;
270 , 367.512360 , 6.519650 , 28, 197 , 298 ;
270 , 368.933624 , 5.865672 , 30, 168 , 362 ;
271 , 369.125977 , 6.320176 , 28, 194 , 294 ;
271 , 364.907928 , 6.167421 , 28, 189 , 294 ;
271 , 362.233398 , 6.511312 , 28, 196 , 300 ;
271 , 361.902740 , 6.397129 , 30, 171 , 350 ;
271 , 370.283081 , 6.844107 , 26, 209 , 276 ;
271 , 365.684418 , 6.146939 , 26, 199 , 272 ;
272 , 373.791138 , 6.437230 , 28, 188 , 300 ;
272 , 369.384796 , 6.546341 , 30, 175 , 340 ;
272 , 361.071564 , 5.235577 , 28, 167 , 282 ;
272 , 367.010132 , 5.517544 , 26, 189 , 234 ;
272 , 373.307892 , 6.922727 , 28, 195 , 292 ;
272 , 368.525208 , 6.070423 , 29, 182 , 321 ;
272 , 366.991730 , 6.128866 , 30, 169 , 336 ;
272 , 365.816254 , 5.917012 , 26, 193 , 256 ;
272 , 368.616028 , 6.619835 , 26, 210 , 262 ;
272 , 365.126984 , 6.772727 , 28, 194 , 292 ;
273 , 367.178131 , 6.016949 , 26, 190 , 250 ;
273 , 366.997070 , 5.888325 , 30, 169 , 332 ;
273 , 366.272766 , 5.502347 , 28, 173 , 284 ;
273 , 361.910431 , 5.946860 , 30, 170 , 336 ;
273 , 366.149872 , 5.742990 , 28, 180 , 290 ;
273 , 371.896698 , 6.585551 , 24, 214 , 220 ;
273 , 367.340759 , 6.420561 , 28, 186 , 280 ;
274 , 374.812286 , 6.168889 , 28, 184 , 310 ;
274 , 368.260406 , 6.133333 , 28, 191 , 294 ;
274 , 363.733063 , 6.024038 , 30, 171 , 328 ;
274 , 375.281860 , 6.476415 , 29, 184 , 313 ;
274 , 363.468262 , 5.779817 , 28, 173 , 294 ;
274 , 366.374908 , 5.531401 , 28, 175 , 286 ;
274 , 364.781433 , 5.837564 , 30, 167 , 334 ;
274 , 367.574127 , 6.361502 , 28, 185 , 288 ;
274 , 367.501678 , 6.323194 , 23, 216 , 187 ;
274 , 372.107422 , 5.572687 , 26, 182 , 240 ;
274 , 364.397339 , 6.197044 , 30, 174 , 336 ;
275 , 367.761139 , 5.784404 , 28, 180 , 278 ;
275 , 365.642914 , 5.609091 , 28, 176 , 292 ;
275 , 366.387329 , 6.433884 , 26, 202 , 252 ;
275 , 367.314056 , 6.095436 , 27, 193 , 285 ;
275 , 525.858154 , 6.004673 , 28, 183 , 284 ;
275 , 369.574799 , 6.095238 , 30, 175 , 336 ;
276 , 369.808167 , 6.228724 , 32, 169 , 362 ;
276 , 367.539093 , 6.369370 , 28, 190 , 310 ;
276 , 362.962402 , 5.400922 , 28, 174 , 298 ;
276 , 368.132782 , 5.933333 , 27, 184 , 265 ;
276 , 362.545654 , 5.815534 , 30, 172 , 360 ;
276 , 366.622437 , 5.883408 , 28, 180 , 306 ;
276 , 369.123627 , 6.215247 , 28, 184 , 316 ;
276 , 362.973083 , 5.866972 , 28, 180 , 288 ;
276 , 524.907715 , 5.705314 , 28, 173 , 274 ;
277 , 365.046844 , 5.706141 , 27, 187 , 265 ;
277 , 366.647400 , 6.169565 , 26, 197 , 240 ;
277 , 365.677948 , 4.888350 , 28, 164 , 278 ;
277 , 366.045380 , 6.100457 , 28, 181 , 290 ;
277 , 370.550232 , 6.365217 , 27, 201 , 265 ;
277 , 360.464813 , 6.444445 , 30, 176 , 358 ;
278 , 369.983856 , 6.297521 , 26, 198 , 266 ;
278 , 362.144928 , 6.502203 , 28, 191 , 314 ;
278 , 363.512756 , 5.711009 , 29, 173 , 327 ;
278 , 363.387512 , 5.487562 , 30, 165 , 364 ;
278 , 369.735107 , 5.882629 , 28, 177 , 282 ;
278 , 366.005524 , 6.117925 , 30, 174 , 338 ;
278 , 371.349335 , 6.410959 , 28, 187 , 294 ;
278 , 366.652130 , 5.553922 , 30, 168 , 342 ;
279 , 369.847290 , 6.090047 , 29, 175 , 315 ;
279 , 369.516022 , 5.269231 , 30, 158 , 338 ;
279 , 363.178497 , 6.098131 , 28, 182 , 290 ;
279 , 368.845795 , 6.013889 , 29, 177 , 319 ;
280 , 362.521912 , 5.905406 , 28, 186 , 314 ;
280 , 371.639587 , 5.914894 , 27, 191 , 281 ;
280 , 364.511902 , 5.660634 , 28, 179 , 292 ;
280 , 366.735260 , 6.958678 , 26, 211 , 254 ;
280 , 367.865021 , 5.352679 , 27, 170 , 277 ;
281 , 363.975250 , 6.144681 , 27, 189 , 275 ;
281 , 366.213989 , 6.697872 , 28, 198 , 300 ;
281 , 367.827606 , 6.453333 , 28, 193 , 290 ;
281 , 362.057068 , 5.651163 , 28, 170 , 292 ;
281 , 365.433899 , 5.596154 , 28, 173 , 280 ;
281 , 368.602997 , 6.134694 , 26, 200 , 258 ;
281 , 368.305511 , 5.669903 , 30, 167 , 372 ;
281 , 374.792633 , 6.516807 , 28, 192 , 308 ;
281 , 373.785156 , 6.309783 , 32, 161 , 394 ;
281 , 366.982788 , 6.724891 , 28, 194 , 286 ;
281 , 370.586914 , 6.785992 , 25, 214 , 245 ;
282 , 367.833588 , 6.518182 , 28, 190 , 276 ;
282 , 367.264221 , 5.757143 , 29, 173 , 321 ;
282 , 369.337341 , 6.145833 , 28, 190 , 318 ;
282 , 374.029205 , 6.390041 , 25, 210 , 227 ;
283 , 367.392456 , 6.229167 , 26, 201 , 254 ;
283 , 363.510376 , 5.906542 , 28, 179 , 278 ;
283 , 363.227203 , 5.967136 , 28, 184 , 288 ;
283 , 360.410767 , 5.427861 , 29, 167 , 315 ;
283 , 370.569244 , 6.868996 , 28, 196 , 294 ;
284 , 361.164764 , 5.772277 , 30, 170 , 334 ;
284 , 367.081940 , 6.145833 , 27, 198 , 291 ;
284 , 367.881042 , 6.307693 , 30, 176 , 326 ;
284 , 364.822418 , 5.789720 , 28, 176 , 306 ;
284 , 369.828918 , 5.831731 , 28, 175 , 284 ;
284 , 369.657928 , 7.016194 , 26, 213 , 270 ;
285 , 362.620453 , 5.671795 , 30, 166 , 320 ;
285 , 367.109283 , 5.934783 , 26, 191 , 246 ;
285 , 364.747620 , 6.270042 , 26, 199 , 256 ;
285 , 365.100281 , 5.673820 , 26, 183 , 238 ;
285 , 367.431610 , 5.866029 , 28, 179 , 292 ;
285 , 364.162231 , 6.195021 , 26, 201 , 268 ;
285 , 372.096741 , 6.034782 , 28, 188 , 296 ;
286 , 365.955170 , 5.911628 , 28, 178 , 292 ;
286 , 377.093140 , 6.372449 , 31, 167 , 353 ;
286 , 368.530548 , 5.625000 , 30, 168 , 316 ;
286 , 366.571991 , 5.820896 , 30, 168 , 338 ;
286 , 371.609894 , 6.466063 , 28, 184 , 290 ;
286 , 365.883362 , 6.085202 , 28, 180 , 292 ;
287 , 371.140961 , 6.014354 , 28, 179 , 294 ;
287 , 365.337097 , 5.959821 , 27, 189 , 257 ;
287 , 365.875031 , 6.009132 , 30, 181 , 354 ;
287 , 369.088593 , 6.944030 , 24, 229 , 218 ;
287 , 372.498108 , 6.148325 , 29, 181 , 303 ;
287 , 363.091278 , 5.278350 , 29, 164 , 305 ;
287 , 363.850616 , 5.600000 , 28, 181 , 294 ;
287 , 378.075653 , 5.466321 , 31, 157 , 351 ;
288 , 364.953033 , 6.363158 , 31, 174 , 331 ;
288 , 370.934296 , 5.902655 , 28, 184 , 294 ;
288 , 366.326202 , 6.204545 , 30, 177 , 350 ;
288 , 372.965302 , 6.548673 , 28, 184 , 282 ;
288 , 367.584198 , 6.133047 , 28, 185 , 316 ;
288 , 366.149872 , 6.465587 , 26, 201 , 254 ;
288 , 366.671143 , 5.532710 , 28, 173 , 296 ;
289 , 366.252014 , 5.362245 , 30, 157 , 320 ;
289 , 366.706177 , 5.645933 , 28, 179 , 282 ;
289 , 367.268951 , 5.708920 , 29, 172 , 313 ;
289 , 366.526245 , 6.314286 , 28, 184 , 282 ;
289 , 366.620087 , 6.525346 , 28, 190 , 286 ;
289 , 373.513275 , 6.812245 , 26, 215 , 248 ;
289 , 371.282227 , 6.238866 , 26, 199 , 260 ;
289 , 519.101501 , 6.450704 , 28, 188 , 304 ;
289 , 366.671082 , 5.796380 , 28, 178 , 294 ;
289 , 369.022736 , 5.310000 , 30, 160 , 336 ;
289 , 365.503357 , 6.574766 , 30, 187 , 344 ;
289 , 366.935303 , 6.320755 , 28, 185 , 286 ;
289 , 366.561920 , 6.259740 , 28, 189 , 314 ;
289 , 365.895782 , 6.215859 , 28, 189 , 296 ;
290 , 368.766266 , 5.930736 , 26, 191 , 248 ;
290 , 364.259033 , 6.284404 , 28, 187 , 284 ;
290 , 372.970642 , 5.981482 , 28, 179 , 288 ;
290 , 373.213440 , 6.877729 , 28, 198 , 290 ;
291 , 363.972870 , 5.527638 , 30, 162 , 316 ;
291 , 369.751129 , 6.324201 , 28, 188 , 288 ;
291 , 364.370636 , 5.871428 , 28, 173 , 290 ;
291 , 364.378326 , 5.859903 , 28, 176 , 290 ;
291 , 365.332397 , 5.625592 , 28, 175 , 300 ;
291 , 363.817291 , 5.936709 , 26, 193 , 240 ;
291 , 361.990601 , 5.573991 , 27, 187 , 261 ;
292 , 373.445557 , 5.774648 , 28, 177 , 300 ;
292 , 369.254211 , 6.192894 , 30, 177 , 316 ;
292 , 366.753662 , 6.008969 , 28, 185 , 302 ;
292 , 365.958160 , 5.668122 , 28, 180 , 310 ;
292 , 363.323395 , 6.176991 , 28, 182 , 314 ;
292 , 367.084930 , 6.608510 , 27, 198 , 275 ;
292 , 370.734863 , 6.042056 , 29, 178 , 319 ;
292 , 364.814117 , 6.173913 , 31, 173 , 385 ;
292 , 369.532043 , 5.853081 , 28, 178 , 282 ;
292 , 368.993011 , 5.745370 , 28, 175 , 296 ;
292 , 374.167511 , 6.201681 , 26, 198 , 248 ;
292 , 370.864838 , 6.552511 , 29, 187 , 309 ;
293 , 369.799103 , 5.976744 , 29, 177 , 307 ;
293 , 367.710052 , 5.954315 , 30, 168 , 326 ;
293 , 366.369568 , 6.253061 , 26, 196 , 252 ;
293 , 365.631500 , 5.683721 , 28, 175 , 298 ;
293 , 375.369690 , 6.120536 , 28, 182 , 292 ;
293 , 375.056824 , 6.619909 , 28, 190 , 280 ;
293 , 659.557190 , 6.261224 , 26, 204 , 252 ;
293 , 362.348572 , 5.612903 , 28, 180 , 290 ;
294 , 366.329193 , 6.096618 , 30, 176 , 334 ;
294 , 368.103088 , 6.775934 , 26, 207 , 254 ;
294 , 369.123627 , 5.757576 , 26, 185 , 246 ;
294 , 379.226776 , 5.995370 , 28, 181 , 284 ;
294 , 366.107147 , 5.943396 , 28, 178 , 274 ;
294 , 367.803864 , 6.508850 , 29, 192 , 331 ;
295 , 374.103394 , 5.638009 , 28, 173 , 290 ;
295 , 373.272217 , 5.725888 , 30, 165 , 334 ;
295 , 364.509552 , 5.984375 , 26, 200 , 274 ;
295 , 370.741974 , 5.718750 , 31, 162 , 359 ;
295 , 374.090332 , 5.622120 , 28, 172 , 280 ;
295 , 364.992798 , 5.755365 , 26, 186 , 254 ;
295 , 365.925476 , 6.276995 , 29, 186 , 313 ;
295 , 362.776031 , 5.688372 , 28, 176 , 296 ;
295 , 366.604034 , 5.794117 , 26, 194 , 256 ;
296 , 364.684143 , 5.559242 , 28, 172 , 280 ;
296 , 364.459106 , 5.942029 , 29, 177 , 315 ;
296 , 364.119507 , 6.231482 , 28, 192 , 298 ;
297 , 363.232544 , 5.877273 , 28, 182 , 294 ;
297 , 366.675751 , 6.349138 , 26, 197 , 254 ;
297 , 367.562805 , 5.758975 , 30, 165 , 322 ;
298 , 369.962494 , 6.222689 , 26, 199 , 254 ;
298 , 369.179413 , 7.407115 , 26, 223 , 270 ;
298 , 371.330933 , 6.252101 , 26, 198 , 252 ;
298 , 370.683167 , 5.844749 , 28, 180 , 296 ;
299 , 368.770966 , 6.168182 , 29, 181 , 327 ;
299 , 369.090942 , 6.050251 , 30, 170 , 350 ;
299 , 394.897766 , 6.068293 , 30, 171 , 324 ;
299 , 367.795563 , 6.266129 , 26, 202 , 270 ;
299 , 363.662354 , 6.495575 , 28, 192 , 322 ;
299 , 363.328735 , 5.876712 , 28, 182 , 326 ;
300 , 364.352234 , 5.561224 , 30, 165 , 330 ;
300 , 366.278107 , 5.454976 , 28, 177 , 284 ;
300 , 363.414825 , 6.016394 , 26, 196 , 270 ;
300 , 367.744476 , 6.240506 , 26, 195 , 254 ;
301 , 367.862030 , 6.395061 , 25, 207 , 213 ;
301 , 367.624573 , 6.461884 , 28, 193 , 306 ;
301 , 368.118500 , 6.504202 , 26, 205 , 240 ;
301 , 365.107971 , 5.990868 , 28, 182 , 282 ;
302 , 367.363373 , 6.041841 , 26, 192 , 246 ;
302 , 366.136841 , 6.034782 , 28, 188 , 310 ;
302 , 364.480469 , 5.884956 , 27, 186 , 269 ;
302 , 365.570465 , 6.019231 , 28, 183 , 286 ;
302 , 369.716095 , 5.890830 , 28, 180 , 304 ;
302 , 360.144257 , 6.192825 , 28, 186 , 300 ;
302 , 371.250183 , 5.844828 , 27, 190 , 271 ;
302 , 364.549927 , 6.500000 , 24, 214 , 210 ;
303 , 369.539764 , 6.361502 , 30, 183 , 344 ;
303 , 368.778687 , 6.305825 , 30, 175 , 332 ;
303 , 370.803711 , 5.841629 , 27, 186 , 263 ;
303 , 364.285126 , 5.925926 , 28, 180 , 286 ;
303 , 366.906250 , 5.798969 , 32, 160 , 380 ;
303 , 363.470612 , 5.615063 , 27, 180 , 281 ;
303 , 369.529083 , 6.368421 , 26, 202 , 262 ;
303 , 361.528717 , 5.976303 , 30, 182 , 328 ;
304 , 367.459564 , 7.063063 , 28, 201 , 300 ;
304 , 366.313141 , 5.950495 , 29, 174 , 303 ;
304 , 369.312988 , 5.805970 , 29, 173 , 301 ;
304 , 367.480927 , 5.328639 , 28, 174 , 284 ;
304 , 417.877563 , 7.012658 , 28, 208 , 340 ;
304 , 361.070953 , 5.611399 , 30, 164 , 324 ;
305 , 374.781952 , 5.939914 , 27, 188 , 263 ;
305 , 375.692657 , 6.385650 , 28, 184 , 302 ;
305 , 369.735107 , 6.803571 , 28, 198 , 298 ;
305 , 363.310333 , 5.671498 , 28, 177 , 270 ;
305 , 362.612762 , 5.537445 , 28, 177 , 304 ;
306 , 369.115295 , 6.118721 , 28, 180 , 298 ;
306 , 373.037109 , 6.369099 , 28, 191 , 312 ;
306 , 483.521698 , 6.578059 , 26, 205 , 242 ;
306 , 368.082336 , 6.836000 , 26, 208 , 262 ;
306 , 367.418549 , 5.665236 , 28, 182 , 306 ;
307 , 372.871490 , 6.312757 , 26, 202 , 266 ;
307 , 367.221497 , 5.990783 , 28, 188 , 284 ;
307 , 366.148132 , 7.012500 , 27, 208 , 263 ;
307 , 376.525543 , 6.292181 , 26, 205 , 258 ;
308 , 366.313141 , 5.549763 , 28, 172 , 276 ;
308 , 368.079346 , 5.903226 , 28, 180 , 312 ;
308 , 374.523132 , 6.205357 , 28, 185 , 296 ;
308 , 363.543060 , 5.885845 , 28, 184 , 284 ;
308 , 361.063171 , 5.507854 , 30, 160 , 320 ;
308 , 367.870972 , 6.220000 , 26, 204 , 276 ;
308 , 373.614807 , 6.579167 , 26, 207 , 252 ;
308 , 364.172943 , 5.886793 , 28, 181 , 300 ;
308 , 373.643890 , 6.724000 , 26, 211 , 262 ;
308 , 365.102631 , 5.587963 , 28, 173 , 292 ;
308 , 363.318054 , 6.004202 , 26, 198 , 248 ;
308 , 364.789764 , 6.360996 , 27, 196 , 293 ;
309 , 369.879974 , 5.892308 , 31, 164 , 357 ;
309 , 362.241089 , 6.214286 , 28, 184 , 278 ;
309 , 373.167725 , 6.805310 , 28, 195 , 292 ;
309 , 372.238647 , 6.420849 , 24, 214 , 218 ;
310 , 373.937744 , 6.330544 , 26, 194 , 254 ;
310 , 365.131714 , 5.772487 , 30, 169 , 322 ;
310 , 365.615570 , 5.495652 , 26, 181 , 274 ;
310 , 365.655945 , 5.858537 , 30, 167 , 334 ;
310 , 528.652588 , 5.793103 , 26, 189 , 256 ;
311 , 362.468475 , 5.779167 , 26, 189 , 260 ;
311 , 367.277283 , 5.995327 , 28, 180 , 280 ;
311 , 362.559326 , 6.243243 , 28, 186 , 310 ;
311 , 362.091492 , 5.710145 , 28, 180 , 298 ;
311 , 368.918213 , 6.562770 , 28, 200 , 298 ;
311 , 364.747620 , 5.884444 , 28, 183 , 308 ;
311 , 363.790588 , 5.441315 , 28, 173 , 278 ;
311 , 365.666626 , 5.913420 , 27, 192 , 269 ;
311 , 364.489410 , 6.386364 , 28, 192 , 302 ;
312 , 366.812988 , 5.933962 , 28, 184 , 284 ;
312 , 364.127838 , 5.607143 , 31, 163 , 385 ;
312 , 367.472595 , 5.693694 , 28, 179 , 292 ;
312 , 364.111786 , 5.572770 , 28, 174 , 280 ;
313 , 370.202911 , 5.897778 , 27, 187 , 261 ;
313 , 368.668823 , 5.615385 , 27, 185 , 259 ;
313 , 365.626251 , 6.152174 , 28, 192 , 304 ;
314 , 367.900665 , 5.476852 , 28, 175 , 284 ;
314 , 369.238190 , 6.694445 , 30, 189 , 354 ;
314 , 366.526886 , 5.958904 , 28, 181 , 292 ;
314 , 366.275757 , 6.934426 , 26, 208 , 258 ;
314 , 370.128113 , 6.468000 , 25, 214 , 237 ;
314 , 365.097290 , 6.129032 , 29, 181 , 319 ;
314 , 372.238647 , 5.890830 , 28, 182 , 296 ;
315 , 372.737915 , 5.542857 , 28, 174 , 276 ;
315 , 365.692719 , 5.669767 , 28, 181 , 292 ;
315 , 369.214447 , 6.461538 , 27, 196 , 273 ;
315 , 366.944275 , 5.867925 , 28, 177 , 282 ;
315 , 359.898468 , 5.931818 , 28, 180 , 300 ;
315 , 366.487122 , 6.040724 , 28, 184 , 296 ;
316 , 362.615723 , 6.275701 , 30, 182 , 348 ;
316 , 369.243530 , 6.295964 , 28, 188 , 302 ;
316 , 362.757629 , 6.116883 , 26, 200 , 248 ;
316 , 370.584656 , 5.808081 , 29, 171 , 289 ;
316 , 369.312988 , 6.270270 , 28, 190 , 288 ;
316 , 374.575928 , 6.234694 , 31, 168 , 351 ;
316 , 366.329193 , 6.213115 , 26, 199 , 266 ;
317 , 367.092621 , 5.939815 , 28, 182 , 290 ;
317 , 363.876709 , 5.278075 , 31, 158 , 347 ;
317 , 366.738251 , 5.834146 , 29, 180 , 289 ;
318 , 366.644440 , 6.132743 , 28, 184 , 320 ;
318 , 362.761749 , 5.717073 , 30, 168 , 352 ;
318 , 366.545258 , 6.170041 , 26, 203 , 262 ;
318 , 362.914948 , 5.881680 , 24, 206 , 218 ;
318 , 368.813721 , 6.841464 , 26, 208 , 252 ;
318 , 366.392670 , 6.209607 , 28, 182 , 298 ;
318 , 366.847473 , 6.138756 , 29, 175 , 309 ;
318 , 371.177734 , 5.854701 , 26, 192 , 238 ;
319 , 364.993408 , 6.631179 , 24, 219 , 214 ;
319 , 363.080597 , 5.702222 , 28, 181 , 334 ;
319 , 366.604034 , 6.115741 , 28, 187 , 278 ;
319 , 374.632355 , 6.131455 , 29, 178 , 323 ;
319 , 365.273621 , 5.928571 , 27, 193 , 263 ;
319 , 378.325043 , 6.821429 , 26, 212 , 276 ;
319 , 362.832428 , 6.199203 , 26, 203 , 268 ;
319 , 364.058380 , 5.663551 , 28, 177 , 280 ;
319 , 365.431549 , 6.504000 , 26, 210 , 254 ;
320 , 367.045166 , 6.099138 , 28, 185 , 320 ;
320 , 364.820068 , 5.761905 , 27, 181 , 277 ;
320 , 363.451630 , 6.014286 , 30, 175 , 390 ;
321 , 371.880646 , 5.994898 , 30, 167 , 326 ;
321 , 374.397247 , 6.642276 , 26, 206 , 248 ;
321 , 368.845795 , 6.009390 , 28, 179 , 312 ;
321 , 525.713257 , 5.624365 , 30, 169 , 348 ;
321 , 362.653137 , 5.631818 , 28, 175 , 294 ;
321 , 361.552460 , 5.888889 , 28, 183 , 296 ;
322 , 365.195831 , 5.666667 , 28, 178 , 294 ;
322 , 368.293091 , 5.934272 , 30, 174 , 338 ;
322 , 366.962036 , 5.700461 , 28, 174 , 312 ;
322 , 363.852356 , 5.679070 , 28, 176 , 282 ;
322 , 368.858826 , 5.990610 , 28, 179 , 286 ;
322 , 365.249268 , 6.177686 , 26, 197 , 262 ;
323 , 363.107300 , 6.447369 , 28, 196 , 300 ;
323 , 363.136383 , 5.782609 , 28, 178 , 290 ;
323 , 364.795715 , 6.059701 , 30, 175 , 328 ;
324 , 369.149719 , 6.195745 , 27, 193 , 301 ;
324 , 369.746399 , 5.894273 , 28, 180 , 306 ;
324 , 363.582825 , 6.508929 , 28, 191 , 290 ;
325 , 364.891876 , 5.965368 , 27, 192 , 265 ;
325 , 361.563141 , 5.940092 , 28, 185 , 290 ;
325 , 365.722443 , 6.102128 , 26, 191 , 256 ;
325 , 366.225311 , 5.478673 , 29, 169 , 323 ;
325 , 362.779022 , 5.942731 , 26, 194 , 246 ;
326 , 367.188812 , 5.926940 , 28, 182 , 306 ;
326 , 367.881653 , 6.013274 , 28, 178 , 294 ;
326 , 377.332977 , 6.075949 , 26, 196 , 240 ;
326 , 369.077881 , 7.034782 , 29, 199 , 335 ;
327 , 372.080719 , 6.714953 , 30, 186 , 330 ;
327 , 363.978210 , 6.173077 , 30, 175 , 344 ;
327 , 368.410614 , 6.292036 , 28, 191 , 296 ;
327 , 370.015930 , 6.242915 , 25, 206 , 227 ;
327 , 369.406799 , 6.079646 , 28, 184 , 306 ;
327 , 370.280090 , 6.669388 , 26, 209 , 252 ;
327 , 362.345581 , 5.416667 , 27, 179 , 261 ;
328 , 363.742493 , 6.160337 , 26, 195 , 248 ;
328 , 370.323456 , 6.443548 , 26, 211 , 260 ;
328 , 368.803040 , 6.470874 , 30, 181 , 328 ;
328 , 373.721680 , 7.084388 , 28, 208 , 314 ;
329 , 365.449921 , 6.327273 , 28, 187 , 292 ;
329 , 362.204315 , 5.865741 , 28, 184 , 296 ;
329 , 367.531372 , 5.531818 , 28, 177 , 290 ;
329 , 363.716400 , 6.095833 , 26, 196 , 246 ;
329 , 368.161255 , 5.690909 , 28, 180 , 296 ;
330 , 370.755615 , 6.208696 , 28, 186 , 304 ;
330 , 362.669159 , 6.130045 , 28, 187 , 302 ;
330 , 363.911133 , 6.627193 , 28, 198 , 316 ;
330 , 370.779968 , 7.231111 , 28, 203 , 298 ;
330 , 369.679932 , 5.818627 , 30, 170 , 316 ;
330 , 370.042633 , 5.907407 , 28, 183 , 288 ;
330 , 364.854492 , 6.049327 , 28, 185 , 306 ;
330 , 365.698700 , 6.828054 , 28, 196 , 308 ;
330 , 370.662445 , 5.700461 , 28, 181 , 284 ;
331 , 374.033295 , 5.594872 , 30, 162 , 320 ;
332 , 362.182312 , 5.879227 , 30, 175 , 338 ;
333 , 367.750458 , 5.774648 , 29, 177 , 333 ;
333 , 364.961365 , 6.073394 , 28, 185 , 306 ;
333 , 367.648926 , 5.816038 , 28, 173 , 308 ;
333 , 375.494934 , 5.649351 , 26, 185 , 244 ;
333 , 373.282898 , 5.840580 , 30, 171 , 334 ;
334 , 367.721985 , 6.197248 , 28, 184 , 294 ;
334 , 370.379242 , 6.520661 , 26, 206 , 250 ;
334 , 366.081055 , 6.787234 , 26, 205 , 246 ;
334 , 510.973114 , 6.169491 , 26, 197 , 250 ;
334 , 373.710358 , 5.978070 , 26, 194 , 246 ;
335 , 361.608246 , 5.636364 , 30, 164 , 338 ;
335 , 366.104156 , 6.657778 , 28, 197 , 318 ;
335 , 369.457245 , 5.661765 , 30, 169 , 346 ;
336 , 366.326202 , 6.132743 , 27, 189 , 267 ;
336 , 367.493988 , 5.574879 , 28, 176 , 274 ;
336 , 364.666870 , 5.265403 , 28, 166 , 286 ;
336 , 372.136505 , 5.990868 , 28, 187 , 282 ;
336 , 372.308044 , 5.257143 , 28, 171 , 286 ;
337 , 369.276215 , 5.708134 , 30, 171 , 368 ;
337 , 361.709778 , 5.906780 , 28, 180 , 312 ;
337 , 368.303131 , 7.387352 , 27, 221 , 295 ;
337 , 367.774170 , 6.328829 , 28, 183 , 294 ;
337 , 368.912872 , 6.188940 , 28, 184 , 284 ;
337 , 364.643738 , 6.617778 , 28, 194 , 282 ;
338 , 368.054993 , 6.237624 , 30, 177 , 328 ;
338 , 370.629761 , 6.195455 , 28, 185 , 286 ;
338 , 373.021790 , 5.855140 , 28, 177 , 288 ;
338 , 366.831421 , 6.221739 , 27, 193 , 275 ;
338 , 365.853027 , 6.778688 , 27, 208 , 289 ;
338 , 368.260406 , 5.843750 , 28, 184 , 294 ;
339 , 361.755402 , 5.545455 , 30, 154 , 328 ;
339 , 369.441833 , 6.061475 , 26, 193 , 278 ;
339 , 369.182404 , 6.559322 , 27, 197 , 289 ;
339 , 369.312897 , 5.439024 , 30, 159 , 350 ;
340 , 365.452850 , 6.116822 , 28, 182 , 286 ;
340 , 368.946686 , 5.410526 , 30, 161 , 330 ;
340 , 369.799835 , 5.701422 , 28, 175 , 286 ;
340 , 367.325989 , 5.901710 , 26, 190 , 246 ;
340 , 374.255341 , 6.828194 , 28, 193 , 314 ;
340 , 373.607086 , 6.513393 , 27, 197 , 269 ;
340 , 363.652924 , 6.806168 , 27, 202 , 275 ;
341 , 365.153717 , 6.761134 , 26, 205 , 252 ;
341 , 367.322388 , 5.823810 , 28, 178 , 290 ;
341 , 369.460236 , 5.876596 , 26, 192 , 254 ;
341 , 363.582825 , 5.708920 , 28, 181 , 290 ;
341 , 362.102692 , 6.365639 , 28, 198 , 334 ;
342 , 369.895996 , 5.534562 , 28, 174 , 286 ;
342 , 362.605042 , 5.929245 , 28, 180 , 296 ;
342 , 368.591675 , 6.173745 , 24, 209 , 208 ;
342 , 373.857605 , 6.531707 , 30, 178 , 344 ;
342 , 363.718781 , 5.823529 , 26, 190 , 250 ;
342 , 524.182800 , 5.389671 , 28, 176 , 316 ;
342 , 362.923279 , 6.130630 , 30, 175 , 374 ;
342 , 368.415344 , 6.311927 , 28, 189 , 282 ;
342 , 601.044128 , 6.604348 , 28, 195 , 312 ;
342 , 370.606628 , 6.583333 , 26, 211 , 270 ;
343 , 365.447571 , 6.097872 , 26, 196 , 240 ;
343 , 477.614014 , 6.172043 , 32, 165 , 392 ;
343 , 365.166748 , 5.576923 , 28, 178 , 294 ;
343 , 367.616882 , 6.646552 , 28, 191 , 320 ;
343 , 368.632050 , 5.710000 , 30, 168 , 346 ;
344 , 368.803040 , 5.939815 , 28, 174 , 282 ;
344 , 368.528168 , 6.067797 , 26, 192 , 252 ;
344 , 367.245209 , 6.806306 , 28, 194 , 290 ;
344 , 369.593201 , 5.917808 , 28, 187 , 300 ;
344 , 369.502350 , 6.065502 , 26, 192 , 264 ;
346 , 372.143097 , 6.327660 , 26, 203 , 236 ;
346 , 374.605621 , 6.560606 , 24, 222 , 208 ;
347 , 362.190033 , 5.874372 , 30, 171 , 342 ;
347 , 370.633362 , 6.215247 , 27, 190 , 269 ;
347 , 529.612000 , 6.122363 , 26, 193 , 246 ;
347 , 603.953125 , 5.329787 , 30, 158 , 334 ;
348 , 364.384308 , 6.044053 , 28, 188 , 310 ;
348 , 370.205292 , 6.086580 , 28, 189 , 304 ;
348 , 364.752899 , 6.352459 , 26, 202 , 264 ;
348 , 368.741180 , 6.306306 , 29, 188 , 347 ;
348 , 368.588684 , 5.958333 , 26, 195 , 254 ;
348 , 367.688690 , 6.176471 , 28, 191 , 288 ;
348 , 526.857910 , 6.309524 , 24, 207 , 218 ;
349 , 365.730133 , 5.486607 , 28, 175 , 300 ;
349 , 362.019043 , 6.152709 , 30, 172 , 336 ;
349 , 364.108826 , 6.338843 , 26, 199 , 264 ;
349 , 367.825256 , 5.995555 , 28, 183 , 306 ;
349 , 374.535553 , 5.925234 , 28, 181 , 278 ;
349 , 370.173859 , 6.344262 , 26, 201 , 272 ;
349 , 362.367584 , 6.577689 , 26, 205 , 274 ;
349 , 369.024475 , 6.580000 , 26, 210 , 252 ;
349 , 361.666412 , 5.936364 , 27, 189 , 255 ;
349 , 364.490540 , 6.392857 , 25, 212 , 237 ;
349 , 366.598694 , 5.865672 , 30, 171 , 342 ;
350 , 367.792572 , 6.105991 , 28, 187 , 280 ;
350 , 366.970367 , 5.873874 , 28, 183 , 306 ;
350 , 366.253754 , 5.755868 , 28, 181 , 296 ;
350 , 362.736877 , 5.858490 , 28, 175 , 304 ;
350 , 369.374756 , 6.452675 , 26, 207 , 256 ;
350 , 371.824249 , 5.848101 , 25, 194 , 213 ;
351 , 364.053009 , 5.534883 , 28, 171 , 274 ;
351 , 367.721375 , 6.435555 , 28, 193 , 296 ;
351 , 365.404816 , 6.182648 , 28, 186 , 292 ;
352 , 363.918823 , 6.098814 , 26, 202 , 272 ;
352 , 361.196838 , 5.159420 , 28, 163 , 298 ;
352 , 368.972290 , 6.775000 , 26, 209 , 248 ;
352 , 364.555908 , 5.868996 , 26, 192 , 250 ;
352 , 363.606567 , 6.283654 , 29, 182 , 311 ;
352 , 444.327484 , 5.971962 , 28, 180 , 294 ;
353 , 370.913544 , 5.855721 , 29, 173 , 315 ;
353 , 365.925476 , 5.990431 , 30, 176 , 350 ;
353 , 367.661987 , 5.485437 , 28, 176 , 288 ;
353 , 375.300232 , 5.689189 , 28, 178 , 298 ;
353 , 367.800903 , 6.517241 , 24, 221 , 212 ;
353 , 365.783569 , 5.650655 , 26, 191 , 242 ;
353 , 364.809387 , 6.035555 , 28, 190 , 302 ;
354 , 363.141724 , 5.181818 , 30, 156 , 354 ;
354 , 364.216309 , 5.923077 , 31, 165 , 353 ;
354 , 378.051941 , 5.367925 , 28, 168 , 278 ;
354 , 370.539551 , 6.485830 , 26, 208 , 254 ;
354 , 369.104614 , 6.412322 , 30, 181 , 336 ;
354 , 368.597015 , 5.933333 , 27, 192 , 265 ;
354 , 373.518005 , 6.423963 , 28, 187 , 298 ;
354 , 574.763672 , 6.395454 , 28, 190 , 286 ;
355 , 366.700836 , 6.118421 , 28, 188 , 294 ;
355 , 371.065521 , 6.868000 , 26, 213 , 274 ;
355 , 380.515106 , 6.561086 , 28, 190 , 276 ;
355 , 366.903259 , 5.847619 , 30, 172 , 364 ;
355 , 371.271545 , 6.287500 , 26, 202 , 256 ;
355 , 365.207123 , 5.900000 , 28, 180 , 286 ;
356 , 361.954926 , 6.481482 , 26, 207 , 256 ;
356 , 370.083008 , 6.569620 , 26, 206 , 262 ;
357 , 364.806396 , 5.924107 , 28, 184 , 290 ;
357 , 362.855560 , 6.049587 , 26, 194 , 260 ;
357 , 367.903046 , 6.152284 , 30, 175 , 322 ;
357 , 369.318329 , 6.123404 , 26, 198 , 250 ;
357 , 526.354980 , 6.604546 , 28, 191 , 286 ;
358 , 606.950012 , 6.784232 , 26, 206 , 262 ;
358 , 367.615143 , 6.137615 , 30, 176 , 342 ;
359 , 370.280090 , 6.072115 , 28, 183 , 288 ;
359 , 366.927612 , 6.162037 , 28, 185 , 286 ;
359 , 365.949829 , 5.705607 , 28, 180 , 274 ;
359 , 366.669403 , 6.581967 , 26, 208 , 248 ;
359 , 365.701050 , 5.651515 , 32, 165 , 400 ;
359 , 374.682800 , 6.265766 , 27, 192 , 265 ;
359 , 734.092834 , 6.267606 , 30, 181 , 372 ;
359 , 364.878235 , 5.979080 , 26, 193 , 250 ;
359 , 367.800903 , 5.210526 , 27, 173 , 279 ;
360 , 373.758453 , 5.650794 , 30, 160 , 368 ;
360 , 372.577606 , 6.013825 , 27, 185 , 257 ;
360 , 365.765167 , 6.205480 , 28, 188 , 302 ;
360 , 370.534210 , 6.050926 , 28, 185 , 286 ;
360 , 368.188507 , 6.649789 , 28, 198 , 316 ;
360 , 367.077209 , 6.154867 , 28, 183 , 314 ;
360 , 365.802582 , 6.009009 , 27, 194 , 275 ;
360 , 369.099884 , 5.635945 , 28, 180 , 284 ;
361 , 365.987213 , 6.446078 , 29, 179 , 321 ;
361 , 365.971191 , 5.963415 , 28, 193 , 328 ;
361 , 369.083862 , 5.925926 , 28, 178 , 298 ;
361 , 529.980042 , 5.995633 , 26, 192 , 244 ;
361 , 363.451630 , 5.923077 , 29, 179 , 305 ;
362 , 373.317963 , 6.351695 , 26, 200 , 242 ;
362 , 367.654266 , 6.215247 , 28, 189 , 308 ;
362 , 376.250671 , 6.487705 , 26, 200 , 272 ;
362 , 370.718231 , 6.479821 , 28, 188 , 304 ;
362 , 370.648773 , 6.184426 , 26, 200 , 252 ;
363 , 360.806793 , 6.161572 , 27, 191 , 269 ;
363 , 362.800385 , 6.133891 , 28, 192 , 330 ;
363 , 365.414886 , 6.061135 , 27, 190 , 275 ;
363 , 595.043579 , 6.168777 , 26, 196 , 256 ;
364 , 362.938690 , 5.434042 , 28, 177 , 300 ;
364 , 363.133392 , 6.023148 , 28, 181 , 286 ;
364 , 528.575439 , 6.116071 , 28, 189 , 296 ;
365 , 365.135315 , 5.983263 , 28, 186 , 332 ;
365 , 385.988770 , 6.709544 , 26, 207 , 236 ;
365 , 363.782898 , 6.156118 , 26, 198 , 252 ;
365 , 367.942810 , 6.354167 , 26, 203 , 250 ;
365 , 366.230011 , 5.256281 , 30, 160 , 336 ;
365 , 365.612579 , 5.727273 , 30, 168 , 378 ;
365 , 364.188965 , 5.991266 , 28, 191 , 318 ;
365 , 359.500702 , 5.655000 , 30, 165 , 368 ;
366 , 369.222778 , 6.059091 , 27, 191 , 267 ;
366 , 369.670990 , 5.923729 , 26, 194 , 246 ;
366 , 371.992859 , 6.808824 , 30, 184 , 336 ;
367 , 365.925476 , 6.414847 , 28, 190 , 294 ;
367 , 363.895081 , 6.859259 , 24, 228 , 222 ;
367 , 364.234680 , 7.004367 , 28, 204 , 302 ;
367 , 361.015778 , 5.561905 , 28, 174 , 294 ;
367 , 361.447968 , 5.884817 , 30, 163 , 338 ;
367 , 529.408325 , 5.921659 , 28, 182 , 292 ;
367 , 364.258423 , 6.186567 , 24, 209 , 224 ;
367 , 363.060944 , 5.745000 , 29, 173 , 323 ;
367 , 363.726471 , 5.696035 , 27, 180 , 269 ;
368 , 369.475647 , 6.119048 , 29, 178 , 329 ;
368 , 366.556580 , 6.088983 , 26, 192 , 252 ;
368 , 371.060181 , 6.151042 , 30, 170 , 354 ;
368 , 364.467438 , 6.367257 , 28, 189 , 296 ;
368 , 366.571991 , 6.045662 , 28, 186 , 292 ;
368 , 363.542450 , 6.738589 , 26, 210 , 256 ;
368 , 376.644348 , 7.177866 , 25, 223 , 227 ;
369 , 363.726471 , 6.008969 , 27, 192 , 273 ;
369 , 373.050781 , 5.867841 , 28, 183 , 298 ;
369 , 368.201630 , 6.449782 , 28, 193 , 292 ;
369 , 366.022278 , 6.330509 , 26, 197 , 252 ;
369 , 366.339233 , 6.276596 , 27, 198 , 291 ;
370 , 371.254883 , 6.949219 , 26, 217 , 280 ;
370 , 365.872650 , 5.946058 , 26, 196 , 254 ;
370 , 368.763275 , 6.574257 , 30, 181 , 326 ;
371 , 374.648376 , 6.426778 , 26, 199 , 248 ;
371 , 362.960052 , 5.964467 , 30, 179 , 340 ;
371 , 372.938599 , 6.484979 , 26, 206 , 238 ;
371 , 368.888519 , 6.966942 , 26, 209 , 252 ;
371 , 368.899200 , 6.118943 , 28, 186 , 308 ;
372 , 528.662659 , 6.599190 , 27, 204 , 299 ;
372 , 372.879181 , 5.555555 , 27, 179 , 273 ;
372 , 367.156738 , 6.466368 , 28, 190 , 286 ;
372 , 529.601318 , 6.758929 , 28, 192 , 286 ;
372 , 371.250183 , 5.248827 , 28, 167 , 292 ;
373 , 364.990417 , 6.330435 , 27, 199 , 263 ;
373 , 594.797729 , 6.049327 , 28, 188 , 290 ;
373 , 364.819458 , 6.133028 , 28, 182 , 298 ;
373 , 363.785858 , 6.638132 , 24, 215 , 212 ;
373 , 369.791412 , 5.821277 , 27, 185 , 281 ;
373 , 373.302551 , 5.703197 , 28, 178 , 288 ;
374 , 521.633484 , 5.536232 , 28, 176 , 274 ;
376 , 528.457275 , 5.854271 , 30, 172 , 330 ;
377 , 366.200958 , 5.659389 , 28, 179 , 290 ;
377 , 364.926300 , 5.881516 , 28, 181 , 312 ;
378 , 365.997925 , 5.336493 , 28, 168 , 290 ;
378 , 369.225128 , 5.818182 , 30, 167 , 346 ;
378 , 365.337738 , 5.808511 , 27, 182 , 289 ;
379 , 366.152252 , 6.089362 , 28, 189 , 338 ;
379 , 367.865631 , 6.200893 , 28, 192 , 294 ;
379 , 529.242676 , 6.258929 , 28, 190 , 286 ;
380 , 373.328644 , 6.796537 , 28, 199 , 292 ;
380 , 367.347351 , 6.318182 , 26, 204 , 258 ;
380 , 362.714264 , 6.009901 , 29, 177 , 313 ;
380 , 363.227203 , 5.500000 , 30, 162 , 338 ;
380 , 371.370087 , 6.443396 , 28, 187 , 298 ;
381 , 368.332855 , 6.135000 , 30, 171 , 342 ;
381 , 370.151855 , 6.205021 , 26, 204 , 242 ;
382 , 369.489319 , 6.323651 , 26, 206 , 254 ;
382 , 645.246460 , 5.812500 , 26, 189 , 254 ;
383 , 364.630096 , 6.685990 , 30, 184 , 352 ;
383 , 526.502319 , 6.472637 , 30, 178 , 342 ;
383 , 363.462921 , 6.004184 , 26, 193 , 258 ;
383 , 363.804260 , 6.350230 , 28, 187 , 282 ;
384 , 365.509338 , 5.438679 , 29, 170 , 313 ;
384 , 372.786621 , 6.768000 , 26, 209 , 262 ;
384 , 369.048187 , 6.743243 , 27, 195 , 283 ;
384 , 372.128815 , 6.035714 , 27, 186 , 265 ;
385 , 366.475189 , 5.660000 , 30, 167 , 316 ;
385 , 525.751282 , 5.405000 , 30, 157 , 346 ;
385 , 367.435211 , 5.973568 , 27, 188 , 275 ;
385 , 364.948303 , 6.165217 , 27, 192 , 269 ;
385 , 526.739136 , 6.216000 , 25, 209 , 235 ;
386 , 366.713898 , 6.490909 , 28, 195 , 306 ;
386 , 362.815796 , 6.422131 , 26, 208 , 264 ;
386 , 364.014984 , 5.635359 , 31, 156 , 351 ;
386 , 371.706696 , 6.696000 , 26, 212 , 258 ;
386 , 424.350433 , 5.968037 , 28, 181 , 298 ;
387 , 377.348999 , 6.495575 , 28, 191 , 294 ;
387 , 369.261932 , 5.598985 , 30, 162 , 334 ;
388 , 371.845001 , 5.961039 , 26, 192 , 240 ;
388 , 373.368408 , 6.411255 , 28, 194 , 316 ;
388 , 728.419312 , 6.543859 , 28, 193 , 302 ;
388 , 366.582672 , 6.544643 , 28, 192 , 302 ;
389 , 370.245667 , 5.460465 , 27, 175 , 257 ;
389 , 366.284088 , 6.764000 , 25, 219 , 223 ;
389 , 365.177429 , 6.453390 , 28, 195 , 320 ;
389 , 366.176605 , 5.416244 , 30, 158 , 338 ;
389 , 529.151733 , 6.137652 , 26, 197 , 266 ;
389 , 370.763947 , 5.500000 , 29, 170 , 319 ;
390 , 370.521759 , 6.413953 , 29, 186 , 313 ;
390 , 365.410187 , 6.148305 , 28, 189 , 336 ;
390 , 524.429199 , 5.657143 , 28, 180 , 294 ;
390 , 419.808807 , 5.897872 , 26, 193 , 238 ;
390 , 364.007935 , 6.316742 , 28, 190 , 308 ;
390 , 369.850281 , 6.156118 , 26, 204 , 248 ;
391 , 365.412537 , 6.247787 , 28, 187 , 320 ;
391 , 373.224121 , 6.103896 , 28, 187 , 298 ;
391 , 374.827667 , 6.009756 , 29, 175 , 305 ;
391 , 365.258209 , 5.873171 , 30, 170 , 346 ;
392 , 525.858154 , 5.869565 , 28, 176 , 286 ;
392 , 370.555573 , 6.083333 , 27, 192 , 269 ;
392 , 423.375641 , 6.277778 , 26, 202 , 240 ;
394 , 360.587097 , 6.200980 , 30, 173 , 368 ;
394 , 365.489075 , 5.187845 , 31, 154 , 341 ;
394 , 369.139648 , 5.960159 , 24, 205 , 200 ;
394 , 366.037506 , 6.452756 , 26, 205 , 270 ;
394 , 363.382782 , 6.356784 , 30, 173 , 350 ;
394 , 368.078735 , 6.400000 , 26, 204 , 262 ;
395 , 364.269104 , 6.140272 , 28, 188 , 300 ;
395 , 511.354248 , 6.302439 , 30, 180 , 340 ;
395 , 369.377106 , 6.587045 , 26, 210 , 254 ;
395 , 363.088898 , 5.686099 , 28, 179 , 294 ;
396 , 370.184540 , 5.661157 , 26, 187 , 264 ;
396 , 365.942108 , 6.637860 , 26, 203 , 256 ;
396 , 522.638611 , 5.476440 , 30, 165 , 332 ;
396 , 414.695465 , 5.976959 , 28, 176 , 300 ;
397 , 362.236359 , 5.492386 , 29, 167 , 305 ;
397 , 368.993011 , 5.916299 , 28, 190 , 298 ;
397 , 527.445068 , 6.663755 , 28, 200 , 300 ;
398 , 373.785065 , 6.230769 , 28, 186 , 306 ;
398 , 366.475800 , 6.227642 , 26, 199 , 262 ;
398 , 374.779602 , 6.399103 , 28, 192 , 286 ;
399 , 372.551514 , 5.706383 , 26, 187 , 254 ;
399 , 371.557709 , 6.752252 , 28, 201 , 284 ;
399 , 533.274353 , 6.920833 , 26, 211 , 256 ;
400 , 373.266876 , 6.201681 , 26, 194 , 244 ;
400 , 375.543030 , 6.312775 , 27, 191 , 273 ;
401 , 481.596436 , 5.875519 , 26, 196 , 256 ;
401 , 363.322754 , 6.244000 , 26, 204 , 274 ;
401 , 368.330475 , 7.051502 , 28, 199 , 310 ;
401 , 367.745117 , 6.061674 , 27, 193 , 277 ;
402 , 368.984711 , 5.691100 , 30, 167 , 326 ;
402 , 367.480316 , 5.331633 , 30, 162 , 348 ;
402 , 367.670288 , 5.504717 , 28, 179 , 278 ;
402 , 363.005157 , 5.795455 , 28, 184 , 288 ;
403 , 361.247284 , 5.179487 , 28, 159 , 294 ;
403 , 364.712585 , 5.603961 , 29, 170 , 307 ;
403 , 364.312469 , 6.141079 , 26, 196 , 256 ;
403 , 375.217102 , 5.941176 , 30, 169 , 334 ;
403 , 363.195160 , 6.498084 , 24, 222 , 216 ;
404 , 361.156433 , 5.668246 , 28, 178 , 276 ;
404 , 368.944305 , 6.119658 , 26, 197 , 256 ;
405 , 369.051788 , 5.921488 , 26, 195 , 254 ;
405 , 364.592041 , 6.096491 , 27, 189 , 267 ;
405 , 364.165222 , 5.733990 , 30, 172 , 340 ;
405 , 370.504486 , 6.480916 , 24, 220 , 210 ;
406 , 369.522003 , 5.921052 , 28, 186 , 302 ;
406 , 370.790039 , 6.829365 , 26, 214 , 258 ;
406 , 561.332031 , 5.883495 , 29, 177 , 301 ;
407 , 369.826538 , 6.397380 , 28, 190 , 296 ;
408 , 362.297516 , 5.123153 , 28, 161 , 270 ;
408 , 592.334106 , 5.818584 , 27, 182 , 271 ;
408 , 366.069122 , 6.508850 , 28, 196 , 288 ;
408 , 368.041321 , 6.324676 , 26, 199 , 240 ;
408 , 522.942566 , 5.462312 , 30, 162 , 338 ;
409 , 365.910065 , 5.854701 , 27, 185 , 283 ;
409 , 367.128296 , 5.664948 , 30, 164 , 324 ;
410 , 363.782257 , 6.393665 , 28, 186 , 294 ;
410 , 362.054626 , 5.823256 , 28, 185 , 278 ;
410 , 362.142548 , 6.458874 , 28, 192 , 320 ;
410 , 369.757080 , 6.462222 , 28, 197 , 296 ;
411 , 368.741272 , 6.954023 , 26, 214 , 276 ;
412 , 361.643280 , 5.734300 , 28, 172 , 308 ;
412 , 365.182770 , 5.500000 , 30, 162 , 324 ;
412 , 365.797241 , 6.131004 , 27, 187 , 281 ;
413 , 372.191193 , 6.328704 , 28, 183 , 300 ;
413 , 369.070801 , 6.022831 , 28, 182 , 306 ;
413 , 599.193542 , 6.190244 , 30, 183 , 350 ;
414 , 439.166046 , 6.813131 , 30, 183 , 336 ;
414 , 369.860962 , 6.141510 , 30, 176 , 348 ;
415 , 370.299103 , 7.054167 , 27, 212 , 287 ;
415 , 368.244385 , 6.471962 , 30, 182 , 352 ;
415 , 537.476624 , 5.689815 , 28, 178 , 286 ;
415 , 364.507751 , 5.576355 , 30, 164 , 350 ;
416 , 361.634857 , 5.595122 , 29, 173 , 307 ;
416 , 364.132538 , 5.440414 , 31, 162 , 367 ;
416 , 367.127655 , 5.918455 , 26, 193 , 254 ;
416 , 522.937805 , 6.880000 , 30, 184 , 330 ;
417 , 363.321014 , 6.000000 , 28, 179 , 308 ;
417 , 361.960907 , 5.968469 , 30, 181 , 372 ;
417 , 371.917450 , 6.209877 , 26, 199 , 262 ;
418 , 363.795929 , 5.760181 , 28, 174 , 282 ;
418 , 366.216980 , 5.926606 , 28, 185 , 288 ;
418 , 365.642273 , 5.788462 , 28, 173 , 298 ;
419 , 365.431549 , 6.106977 , 28, 187 , 280 ;
419 , 371.701355 , 5.928230 , 29, 176 , 305 ;
419 , 367.300995 , 6.294821 , 26, 202 , 262 ;
419 , 371.712677 , 6.753036 , 26, 211 , 266 ;
419 , 368.285370 , 6.058036 , 28, 191 , 308 ;
420 , 683.663696 , 5.834254 , 33, 155 , 447 ;
421 , 365.791901 , 6.543779 , 28, 191 , 278 ;
421 , 367.371094 , 6.160000 , 28, 187 , 304 ;
421 , 369.444824 , 5.559091 , 27, 180 , 255 ;
422 , 369.513031 , 6.013575 , 27, 188 , 295 ;
422 , 363.590454 , 5.995283 , 29, 176 , 355 ;
422 , 367.416809 , 6.276316 , 28, 190 , 308 ;
423 , 522.537109 , 6.380091 , 28, 188 , 304 ;
423 , 364.961334 , 6.167347 , 26, 200 , 260 ;
423 , 362.466125 , 5.967136 , 30, 179 , 362 ;
424 , 364.269104 , 6.483193 , 28, 198 , 308 ;
424 , 374.370544 , 6.068273 , 26, 200 , 262 ;
424 , 372.014252 , 6.344961 , 24, 210 , 208 ;
425 , 368.044312 , 6.279070 , 30, 175 , 350 ;
425 , 371.121948 , 5.962810 , 26, 190 , 250 ;
426 , 366.924011 , 5.633333 , 28, 176 , 288 ;
426 , 367.499939 , 6.711382 , 26, 209 , 246 ;
426 , 368.070404 , 5.641414 , 30, 163 , 342 ;
426 , 364.760681 , 6.829493 , 29, 189 , 313 ;
426 , 362.476196 , 6.495283 , 30, 184 , 344 ;
426 , 368.768005 , 6.193396 , 28, 185 , 290 ;
426 , 524.594177 , 6.364662 , 25, 209 , 249 ;
427 , 366.641449 , 6.372807 , 30, 179 , 374 ;
427 , 371.453217 , 5.429293 , 30, 156 , 332 ;
427 , 495.709351 , 6.055300 , 28, 182 , 320 ;
428 , 368.218292 , 5.293839 , 28, 172 , 288 ;
428 , 367.306976 , 6.926531 , 27, 214 , 285 ;
428 , 365.275970 , 6.024390 , 29, 180 , 303 ;
428 , 519.865540 , 5.812808 , 30, 171 , 338 ;
428 , 361.835022 , 6.140969 , 28, 192 , 298 ;
428 , 368.899200 , 5.814159 , 28, 182 , 288 ;
428 , 365.866699 , 6.791111 , 29, 200 , 327 ;
428 , 526.870239 , 6.146226 , 28, 182 , 282 ;
428 , 366.331543 , 5.585714 , 28, 177 , 288 ;
430 , 368.063324 , 6.004425 , 28, 184 , 306 ;
430 , 369.711365 , 6.079295 , 28, 193 , 296 ;
430 , 717.846130 , 5.905406 , 28, 185 , 300 ;
431 , 368.554901 , 6.535865 , 26, 205 , 248 ;
431 , 525.193787 , 6.103306 , 26, 197 , 246 ;
431 , 522.428528 , 6.247787 , 28, 190 , 310 ;
432 , 374.312408 , 5.893617 , 26, 195 , 244 ;
432 , 367.862640 , 6.500000 , 26, 207 , 266 ;
432 , 367.732056 , 6.302041 , 25, 204 , 247 ;
432 , 368.282379 , 6.688797 , 26, 209 , 250 ;
433 , 365.853027 , 5.635514 , 28, 176 , 292 ;
433 , 512.269165 , 6.045249 , 28, 184 , 284 ;
434 , 368.119751 , 6.789700 , 28, 196 , 294 ;
434 , 365.696350 , 5.672566 , 27, 181 , 277 ;
434 , 361.033569 , 5.976744 , 28, 186 , 288 ;
435 , 369.419861 , 5.857143 , 26, 197 , 252 ;
435 , 368.217651 , 5.785714 , 28, 184 , 288 ;
435 , 366.003265 , 6.746888 , 26, 213 , 250 ;
436 , 363.163696 , 6.069672 , 26, 197 , 278 ;
436 , 368.030029 , 5.916667 , 27, 187 , 265 ;
436 , 525.505371 , 6.465649 , 24, 221 , 220 ;
436 , 370.435028 , 6.686440 , 27, 201 , 271 ;
437 , 366.307800 , 6.139241 , 26, 202 , 240 ;
437 , 372.414337 , 6.907080 , 28, 194 , 296 ;
437 , 364.926300 , 6.187234 , 26, 200 , 272 ;
437 , 528.136658 , 5.362638 , 30, 156 , 328 ;
438 , 362.292175 , 5.938865 , 26, 195 , 240 ;
439 , 631.401489 , 6.452261 , 30, 178 , 318 ;
439 , 529.931946 , 6.152263 , 26, 203 , 262 ;
439 , 533.749878 , 6.109312 , 25, 201 , 223 ;
439 , 369.203766 , 5.844444 , 28, 177 , 298 ;
439 , 372.457703 , 6.556000 , 26, 211 , 266 ;
440 , 367.100952 , 6.185484 , 26, 201 , 260 ;
440 , 363.849365 , 5.812500 , 28, 184 , 298 ;
440 , 367.152649 , 6.068807 , 28, 188 , 296 ;
440 , 483.018860 , 5.281915 , 30, 156 , 326 ;
441 , 373.654572 , 5.941704 , 28, 186 , 300 ;
442 , 374.862091 , 6.598253 , 28, 198 , 282 ;
442 , 368.183228 , 6.152610 , 25, 203 , 231 ;
442 , 366.786316 , 5.953587 , 26, 201 , 246 ;
442 , 369.328400 , 6.343396 , 24, 211 , 218 ;
443 , 369.134918 , 5.607143 , 30, 166 , 340 ;
443 , 522.085876 , 5.832579 , 28, 183 , 298 ;
443 , 365.725403 , 6.263158 , 26, 198 , 264 ;
443 , 365.274231 , 5.995671 , 27, 192 , 267 ;
444 , 371.057831 , 6.370892 , 28, 184 , 274 ;
444 , 371.642578 , 6.119341 , 26, 197 , 268 ;
444 , 530.660461 , 5.982456 , 27, 192 , 263 ;
444 , 363.892120 , 5.995614 , 27, 196 , 265 ;
445 , 361.960907 , 5.338308 , 30, 156 , 342 ;
445 , 362.527252 , 6.448431 , 28, 192 , 306 ;
445 , 370.109100 , 5.658986 , 28, 177 , 320 ;
446 , 521.648438 , 6.036530 , 28, 188 , 308 ;
446 , 523.055359 , 5.444445 , 29, 161 , 327 ;
447 , 365.247528 , 5.923445 , 28, 181 , 282 ;
447 , 362.306458 , 6.012931 , 26, 198 , 260 ;
447 , 376.881165 , 5.935780 , 27, 183 , 261 ;
447 , 510.079590 , 6.390244 , 26, 207 , 248 ;
448 , 370.122772 , 5.924623 , 29, 172 , 303 ;
449 , 370.063995 , 6.170940 , 26, 198 , 262 ;
449 , 360.980743 , 5.248804 , 28, 173 , 276 ;
450 , 365.233856 , 6.093617 , 26, 198 , 240 ;
450 , 373.542358 , 6.028226 , 26, 195 , 254 ;
451 , 371.423523 , 6.115385 , 26, 197 , 238 ;
451 , 371.488190 , 5.714976 , 28, 176 , 290 ;
451 , 367.309326 , 6.232365 , 26, 198 , 264 ;
451 , 364.701904 , 6.296460 , 29, 183 , 331 ;
452 , 361.042511 , 6.124424 , 28, 183 , 288 ;
452 , 520.258606 , 6.215139 , 25, 208 , 237 ;
452 , 364.704254 , 6.224066 , 25, 200 , 235 ;
452 , 529.416626 , 6.629630 , 25, 212 , 215 ;
453 , 369.876984 , 6.459016 , 26, 204 , 266 ;
453 , 374.554565 , 5.485849 , 28, 173 , 280 ;
453 , 527.989990 , 6.268182 , 28, 185 , 288 ;
454 , 364.565948 , 5.470320 , 28, 175 , 290 ;
454 , 377.252838 , 5.991111 , 27, 185 , 265 ;
454 , 366.925262 , 5.944206 , 26, 196 , 248 ;
455 , 362.366974 , 6.355649 , 26, 206 , 256 ;
456 , 367.681000 , 5.796380 , 27, 182 , 275 ;
456 , 363.379791 , 5.936652 , 28, 184 , 292 ;
457 , 373.297821 , 6.234127 , 26, 204 , 268 ;
457 , 374.055298 , 5.886878 , 28, 179 , 292 ;
458 , 364.888916 , 6.514523 , 26, 210 , 268 ;
459 , 366.711517 , 5.729730 , 27, 190 , 265 ;
459 , 368.118500 , 6.450819 , 26, 204 , 262 ;
459 , 364.691833 , 6.372549 , 30, 180 , 336 ;
460 , 370.528870 , 6.544643 , 29, 197 , 339 ;
460 , 529.189880 , 6.158371 , 28, 182 , 294 ;
461 , 363.732452 , 6.071066 , 30, 175 , 338 ;
461 , 670.447266 , 6.232932 , 26, 195 , 262 ;
462 , 368.279419 , 6.170507 , 28, 180 , 284 ;
462 , 368.434296 , 6.253334 , 28, 189 , 298 ;
462 , 367.461304 , 6.636364 , 25, 217 , 263 ;
464 , 369.522003 , 6.664032 , 24, 216 , 202 ;
464 , 362.097443 , 6.296875 , 26, 204 , 278 ;
465 , 523.517151 , 6.041861 , 28, 186 , 296 ;
465 , 365.126984 , 5.915000 , 30, 175 , 330 ;
465 , 602.260071 , 5.944445 , 28, 181 , 292 ;
466 , 370.547150 , 5.297029 , 29, 164 , 311 ;
466 , 370.503876 , 5.887931 , 26, 195 , 250 ;
466 , 368.944305 , 5.934579 , 28, 176 , 308 ;
466 , 368.159424 , 6.459575 , 27, 196 , 289 ;
466 , 379.352661 , 6.392713 , 26, 202 , 248 ;
466 , 362.515961 , 6.039823 , 28, 187 , 314 ;
466 , 369.609833 , 5.931193 , 28, 180 , 300 ;
467 , 371.028107 , 7.257384 , 28, 211 , 314 ;
467 , 367.207184 , 5.583732 , 28, 180 , 274 ;
467 , 363.905792 , 6.531915 , 26, 208 , 258 ;
468 , 366.270416 , 5.860082 , 26, 195 , 260 ;
468 , 366.684814 , 5.729258 , 28, 181 , 300 ;
469 , 526.095581 , 6.225352 , 28, 188 , 296 ;
469 , 372.933258 , 6.264069 , 27, 193 , 251 ;
470 , 525.481140 , 6.130630 , 28, 185 , 302 ;
471 , 594.677734 , 5.743961 , 30, 174 , 354 ;
472 , 368.303772 , 6.544061 , 24, 217 , 226 ;
473 , 363.478333 , 6.044554 , 30, 174 , 342 ;
473 , 369.831268 , 6.028572 , 29, 177 , 309 ;
474 , 371.966156 , 6.534413 , 27, 201 , 305 ;
474 , 369.032776 , 6.092783 , 30, 174 , 326 ;
476 , 366.323212 , 5.960526 , 26, 190 , 232 ;
477 , 525.502502 , 5.509524 , 30, 167 , 356 ;
477 , 366.439026 , 5.885845 , 27, 184 , 261 ;
478 , 641.032043 , 5.809524 , 28, 176 , 292 ;
478 , 373.342316 , 6.038278 , 28, 182 , 276 ;
479 , 523.961365 , 5.745370 , 30, 167 , 360 ;
479 , 363.510376 , 6.490826 , 28, 187 , 308 ;
479 , 604.143616 , 5.497512 , 30, 166 , 332 ;
480 , 369.513672 , 6.535088 , 28, 189 , 304 ;
480 , 365.546112 , 6.587500 , 26, 202 , 256 ;
481 , 370.568604 , 6.508474 , 27, 197 , 265 ;
482 , 369.617554 , 5.853333 , 28, 183 , 292 ;
482 , 529.074707 , 6.665323 , 25, 204 , 239 ;
483 , 363.521698 , 6.062500 , 27, 190 , 261 ;
483 , 520.916382 , 6.009091 , 28, 189 , 310 ;
484 , 514.420654 , 6.029289 , 26, 199 , 252 ;
485 , 365.159058 , 6.277056 , 26, 200 , 254 ;
485 , 372.299774 , 6.210084 , 26, 196 , 258 ;
487 , 370.416016 , 6.326613 , 26, 201 , 266 ;
488 , 371.388458 , 6.266667 , 26, 199 , 248 ;
488 , 365.498016 , 5.892241 , 26, 199 , 242 ;
489 , 363.248566 , 6.303030 , 27, 198 , 267 ;
490 , 521.759949 , 5.543147 , 30, 162 , 338 ;
491 , 598.816040 , 5.977478 , 28, 184 , 304 ;
492 , 363.323395 , 6.032110 , 28, 184 , 294 ;
492 , 368.513885 , 5.283333 , 32, 149 , 368 ;
492 , 371.129639 , 5.946939 , 26, 195 , 260 ;
493 , 363.849976 , 6.229358 , 28, 187 , 308 ;
493 , 692.212036 , 6.610860 , 28, 191 , 296 ;
494 , 523.576050 , 5.377660 , 31, 157 , 365 ;
494 , 371.386108 , 5.767241 , 26, 194 , 248 ;
495 , 368.100098 , 5.813008 , 26, 189 , 268 ;
496 , 365.126282 , 6.584415 , 28, 195 , 310 ;
497 , 609.617798 , 6.445833 , 26, 205 , 272 ;
499 , 367.726105 , 5.591489 , 26, 186 , 256 ;
500 , 526.969482 , 6.328639 , 29, 183 , 303 ;
501 , 526.539673 , 6.023585 , 28, 182 , 304 ;
501 , 367.876312 , 6.509881 , 26, 208 , 274 ;
501 , 366.651520 , 6.155462 , 26, 193 , 246 ;
503 , 527.319092 , 6.794776 , 25, 222 , 265 ;
504 , 366.300110 , 5.796296 , 28, 177 , 282 ;
504 , 367.867981 , 7.180000 , 26, 218 , 258 ;
505 , 362.855560 , 5.737069 , 26, 185 , 256 ;
505 , 365.041504 , 5.958139 , 28, 180 , 316 ;
506 , 523.491150 , 6.244726 , 28, 189 , 324 ;
506 , 370.192230 , 6.368644 , 26, 194 , 258 ;
506 , 374.306427 , 6.444934 , 28, 192 , 328 ;
508 , 514.750244 , 6.290598 , 26, 199 , 244 ;
508 , 498.527557 , 6.101449 , 29, 177 , 303 ;
509 , 364.704254 , 6.164383 , 28, 187 , 310 ;
509 , 590.709717 , 5.700422 , 26, 193 , 242 ;
510 , 370.666046 , 5.733333 , 28, 182 , 278 ;
510 , 523.891907 , 5.466368 , 28, 176 , 302 ;
510 , 366.825470 , 5.619289 , 30, 164 , 350 ;
511 , 524.118652 , 6.663968 , 26, 206 , 260 ;
511 , 362.092102 , 5.957944 , 28, 180 , 286 ;
512 , 364.867523 , 6.383929 , 28, 188 , 306 ;
512 , 375.549622 , 6.891892 , 24, 219 , 214 ;
513 , 372.723145 , 5.959596 , 30, 170 , 310 ;
514 , 365.501007 , 5.610092 , 28, 175 , 288 ;
514 , 523.694092 , 6.193548 , 29, 181 , 317 ;
515 , 366.425354 , 5.391534 , 30, 157 , 344 ;
516 , 365.135315 , 6.022421 , 28, 181 , 306 ;
516 , 645.344543 , 5.908629 , 30, 170 , 314 ;
516 , 503.240479 , 6.844444 , 28, 195 , 304 ;
517 , 521.554565 , 6.220183 , 28, 186 , 278 ;
519 , 524.547363 , 5.817778 , 28, 183 , 320 ;
520 , 526.888733 , 5.526066 , 28, 176 , 286 ;
520 , 375.345337 , 6.314815 , 30, 179 , 362 ;
522 , 365.156067 , 5.975124 , 30, 175 , 340 ;
522 , 530.365356 , 5.801887 , 28, 183 , 276 ;
522 , 565.763916 , 6.527897 , 28, 199 , 312 ;
524 , 535.347656 , 5.763547 , 30, 171 , 348 ;
527 , 527.087708 , 5.915888 , 28, 184 , 288 ;
527 , 363.990631 , 5.962264 , 30, 176 , 356 ;
528 , 371.492981 , 5.833333 , 26, 192 , 244 ;
528 , 366.123169 , 6.135802 , 26, 201 , 248 ;
531 , 637.922302 , 6.306306 , 29, 183 , 323 ;
534 , 371.768463 , 6.791855 , 28, 193 , 292 ;
536 , 550.076782 , 5.907217 , 31, 170 , 349 ;
537 , 370.728912 , 5.796380 , 28, 178 , 288 ;
537 , 372.625702 , 6.040909 , 28, 185 , 292 ;
537 , 363.641602 , 5.873240 , 28, 186 , 292 ;
538 , 376.740509 , 6.654008 , 26, 204 , 250 ;
539 , 662.381042 , 5.319149 , 30, 164 , 314 ;
540 , 370.541901 , 5.942307 , 29, 173 , 327 ;
540 , 706.892334 , 5.984925 , 30, 171 , 316 ;
540 , 544.833923 , 5.636364 , 24, 197 , 204 ;
541 , 620.510864 , 6.352697 , 26, 203 , 264 ;
542 , 527.447388 , 6.896266 , 26, 213 , 262 ;
542 , 529.662415 , 5.757732 , 30, 171 , 314 ;
542 , 366.165894 , 6.777344 , 24, 219 , 222 ;
543 , 414.813568 , 5.636364 , 30, 162 , 348 ;
543 , 427.110413 , 6.036036 , 28, 188 , 288 ;
543 , 526.200012 , 6.071111 , 27, 186 , 273 ;
543 , 368.891510 , 6.885246 , 26, 211 , 252 ;
544 , 370.229645 , 6.761682 , 29, 191 , 321 ;
545 , 370.202911 , 6.555555 , 28, 193 , 308 ;
546 , 363.510376 , 5.473684 , 28, 175 , 286 ;
547 , 652.869751 , 6.810699 , 27, 205 , 303 ;
547 , 366.032318 , 6.027273 , 28, 186 , 306 ;
548 , 366.353546 , 6.296803 , 28, 185 , 294 ;
549 , 369.024475 , 5.618605 , 28, 176 , 282 ;
549 , 522.203491 , 5.791111 , 27, 184 , 267 ;
551 , 523.771973 , 5.908629 , 30, 171 , 330 ;
551 , 368.789368 , 6.241860 , 28, 182 , 302 ;
551 , 527.282410 , 6.130081 , 26, 203 , 266 ;
553 , 363.125671 , 5.706612 , 26, 197 , 270 ;
553 , 368.760925 , 6.125000 , 28, 186 , 272 ;
553 , 365.201172 , 5.405797 , 28, 170 , 278 ;
554 , 752.909058 , 6.719231 , 26, 216 , 292 ;
556 , 516.746155 , 6.556485 , 28, 200 , 300 ;
557 , 368.305511 , 6.215247 , 28, 186 , 298 ;
558 , 598.537842 , 6.023474 , 28, 182 , 296 ;
558 , 365.803192 , 6.140969 , 28, 189 , 302 ;
559 , 365.757477 , 5.963470 , 28, 186 , 294 ;
560 , 483.231964 , 6.337449 , 25, 209 , 221 ;
560 , 503.416473 , 6.806201 , 26, 220 , 270 ;
560 , 522.785889 , 6.136930 , 26, 196 , 252 ;
560 , 367.972504 , 5.841860 , 28, 182 , 296 ;
562 , 376.269684 , 6.106280 , 29, 175 , 307 ;
563 , 369.374756 , 5.778802 , 28, 180 , 294 ;
563 , 367.483307 , 5.887387 , 28, 180 , 310 ;
564 , 528.741028 , 5.435000 , 29, 171 , 295 ;
564 , 368.704498 , 5.948113 , 28, 180 , 286 ;
564 , 477.525421 , 6.199029 , 29, 183 , 291 ;
564 , 364.317200 , 6.173516 , 28, 189 , 274 ;
565 , 474.451508 , 6.269710 , 26, 201 , 262 ;
568 , 367.645935 , 5.911894 , 28, 184 , 278 ;
569 , 524.578186 , 5.439252 , 29, 170 , 329 ;
570 , 367.627563 , 5.977099 , 25, 200 , 247 ;
571 , 367.360413 , 5.775610 , 29, 172 , 317 ;
572 , 369.009064 , 5.736363 , 27, 188 , 279 ;
572 , 371.171753 , 6.733606 , 25, 213 , 213 ;
573 , 366.086395 , 6.119816 , 28, 185 , 286 ;
573 , 371.370087 , 6.830116 , 26, 213 , 292 ;
573 , 367.261230 , 5.872727 , 28, 179 , 292 ;
573 , 641.681274 , 5.370588 , 32, 148 , 414 ;
574 , 367.287964 , 6.829787 , 28, 196 , 320 ;
574 , 369.385437 , 5.897675 , 28, 181 , 278 ;
575 , 375.177338 , 7.022624 , 28, 195 , 276 ;
578 , 366.740601 , 5.511737 , 28, 181 , 278 ;
579 , 369.706024 , 5.729592 , 30, 162 , 336 ;
580 , 452.346863 , 5.945148 , 26, 192 , 254 ;
582 , 365.994934 , 6.758242 , 24, 220 , 226 ;
583 , 367.042786 , 6.224215 , 27, 189 , 271 ;
584 , 599.138367 , 5.852679 , 28, 176 , 318 ;
584 , 526.544434 , 5.389671 , 28, 169 , 294 ;
586 , 362.596100 , 6.798450 , 24, 225 , 212 ;
586 , 705.006348 , 6.110620 , 28, 193 , 314 ;
588 , 365.319244 , 6.208333 , 26, 202 , 246 ;
588 , 370.432068 , 5.784616 , 30, 165 , 332 ;
588 , 363.676636 , 6.292793 , 28, 193 , 290 ;
590 , 371.148651 , 6.264423 , 30, 181 , 318 ;
591 , 368.035980 , 6.292373 , 26, 200 , 240 ;
591 , 719.711426 , 6.197115 , 30, 171 , 336 ;
592 , 554.999268 , 6.583643 , 25, 223 , 253 ;
593 , 527.773315 , 6.089622 , 28, 187 , 302 ;
594 , 364.843170 , 6.156097 , 30, 177 , 346 ;
595 , 363.101318 , 5.955446 , 30, 179 , 346 ;
597 , 368.984070 , 6.253275 , 27, 193 , 283 ;
597 , 374.172211 , 6.301961 , 26, 206 , 262 ;
597 , 602.446167 , 6.236735 , 26, 209 , 254 ;
598 , 366.085754 , 6.122530 , 26, 198 , 284 ;
600 , 522.371460 , 6.008734 , 26, 195 , 272 ;
602 , 602.266113 , 6.501976 , 24, 219 , 222 ;
604 , 366.481140 , 6.340807 , 28, 193 , 300 ;
604 , 374.370483 , 5.658654 , 28, 173 , 282 ;
605 , 371.856934 , 6.013514 , 28, 188 , 292 ;
606 , 362.971344 , 5.857143 , 28, 177 , 300 ;
606 , 614.362610 , 5.220588 , 28, 166 , 278 ;
609 , 372.017212 , 6.278539 , 28, 190 , 296 ;
609 , 521.869202 , 6.426160 , 26, 204 , 254 ;
611 , 520.322632 , 6.330189 , 29, 183 , 335 ;
611 , 362.796783 , 6.534137 , 26, 209 , 272 ;
612 , 609.591003 , 6.278389 , 24, 217 , 234 ;
613 , 372.631042 , 6.274678 , 27, 196 , 275 ;
613 , 689.508423 , 5.928910 , 28, 183 , 304 ;
615 , 365.415527 , 6.320611 , 24, 207 , 214 ;
616 , 533.137817 , 5.670000 , 30, 169 , 310 ;
621 , 526.200073 , 6.145923 , 26, 198 , 254 ;
622 , 363.298401 , 5.481818 , 28, 173 , 286 ;
624 , 578.007080 , 6.241526 , 26, 192 , 246 ;
626 , 371.995850 , 6.743802 , 26, 205 , 256 ;
627 , 617.487061 , 6.252294 , 28, 187 , 298 ;
627 , 420.112946 , 6.273859 , 26, 201 , 262 ;
627 , 523.963684 , 5.763033 , 29, 180 , 325 ;
629 , 524.655334 , 5.731277 , 28, 182 , 300 ;
629 , 716.589355 , 6.708520 , 28, 195 , 290 ;
630 , 507.862823 , 6.331984 , 26, 207 , 262 ;
631 , 364.608093 , 5.184080 , 29, 160 , 313 ;
633 , 597.937500 , 6.156118 , 26, 198 , 246 ;
637 , 361.704437 , 5.769231 , 28, 182 , 306 ;
641 , 363.759155 , 6.360731 , 28, 191 , 298 ;
643 , 367.394806 , 5.895735 , 28, 181 , 276 ;
644 , 360.429779 , 6.286995 , 28, 194 , 320 ;
645 , 527.792358 , 6.036697 , 28, 185 , 292 ;
647 , 414.786255 , 6.094171 , 29, 183 , 331 ;
648 , 363.166077 , 6.146939 , 26, 196 , 266 ;
648 , 362.351562 , 6.281125 , 26, 203 , 266 ;
650 , 532.080505 , 5.507317 , 30, 172 , 332 ;
652 , 675.275452 , 6.440678 , 26, 205 , 252 ;
654 , 374.333130 , 6.438597 , 27, 197 , 259 ;
654 , 367.159729 , 5.939252 , 28, 181 , 326 ;
657 , 366.286438 , 6.219048 , 30, 181 , 350 ;
657 , 365.658234 , 6.562753 , 26, 208 , 260 ;
660 , 368.153534 , 5.887387 , 27, 181 , 283 ;
661 , 631.810608 , 6.020747 , 26, 203 , 248 ;
661 , 367.172760 , 6.142308 , 25, 199 , 257 ;
661 , 729.452881 , 6.306383 , 27, 197 , 283 ;
661 , 526.354431 , 6.324444 , 27, 194 , 271 ;
661 , 576.737793 , 6.126637 , 30, 182 , 384 ;
662 , 524.549072 , 6.267544 , 27, 198 , 271 ;
662 , 373.289490 , 6.933884 , 26, 209 , 254 ;
669 , 365.565125 , 6.245690 , 28, 189 , 304 ;
673 , 360.990814 , 6.388646 , 28, 196 , 318 ;
673 , 530.453186 , 5.931624 , 28, 183 , 306 ;
675 , 420.317596 , 6.236715 , 30, 174 , 354 ;
679 , 366.673492 , 6.272340 , 26, 206 , 234 ;
679 , 370.103760 , 5.604445 , 27, 176 , 277 ;
680 , 723.834351 , 6.117886 , 26, 202 , 260 ;
681 , 525.211609 , 5.837607 , 26, 194 , 250 ;
683 , 367.026764 , 6.030172 , 27, 194 , 305 ;
683 , 666.722412 , 6.192488 , 28, 185 , 272 ;
684 , 646.732483 , 5.874419 , 28, 186 , 276 ;
685 , 612.720459 , 6.158140 , 28, 186 , 278 ;
685 , 526.455933 , 6.172414 , 27, 193 , 297 ;
686 , 362.356903 , 5.481482 , 31, 158 , 357 ;
688 , 368.992401 , 6.197425 , 26, 201 , 242 ;
688 , 610.917969 , 6.296748 , 26, 207 , 258 ;
688 , 366.166534 , 5.747787 , 28, 182 , 308 ;
689 , 596.016602 , 5.728571 , 27, 176 , 267 ;
691 , 796.153320 , 5.798029 , 29, 174 , 317 ;
692 , 368.471771 , 6.952941 , 25, 215 , 239 ;
693 , 779.760986 , 5.891089 , 29, 176 , 309 ;
693 , 478.543152 , 6.323944 , 29, 188 , 315 ;
694 , 698.286499 , 6.326271 , 28, 199 , 316 ;
694 , 661.145508 , 5.281407 , 30, 160 , 344 ;
695 , 742.946655 , 5.619718 , 28, 176 , 282 ;
697 , 362.569366 , 5.474178 , 28, 172 , 300 ;
701 , 518.169006 , 7.110656 , 26, 210 , 246 ;
703 , 366.032959 , 6.935622 , 28, 203 , 320 ;
715 , 365.813263 , 5.864407 , 28, 189 , 316 ;
716 , 521.127136 , 6.691630 , 28, 198 , 316 ;
721 , 845.368286 , 6.270742 , 28, 190 , 290 ;
721 , 369.093933 , 6.404762 , 28, 184 , 288 ;
723 , 368.490784 , 5.712871 , 29, 177 , 309 ;
739 , 707.589844 , 6.274419 , 29, 187 , 321 ;
747 , 361.747803 , 5.995851 , 26, 191 , 264 ;
757 , 367.001801 , 5.750000 , 28, 175 , 278 ;
757 , 576.527527 , 6.362791 , 28, 182 , 298 ;
760 , 522.061462 , 6.173160 , 27, 196 , 289 ;
761 , 370.464752 , 5.861607 , 28, 184 , 296 ;
763 , 529.708130 , 5.707071 , 30, 170 , 316 ;
764 , 679.091797 , 6.563492 , 25, 213 , 233 ;
766 , 840.211182 , 6.528572 , 30, 180 , 320 ;
768 , 595.224121 , 5.609442 , 26, 191 , 248 ;
770 , 369.745789 , 5.488263 , 28, 172 , 288 ;
776 , 679.533325 , 5.892241 , 26, 189 , 244 ;
780 , 528.985657 , 5.595000 , 31, 165 , 367 ;
783 , 479.779266 , 6.053333 , 26, 196 , 234 ;
787 , 371.584412 , 5.606194 , 27, 182 , 263 ;
788 , 366.462769 , 5.918455 , 26, 193 , 248 ;
788 , 366.780365 , 6.330000 , 30, 170 , 360 ;
790 , 368.127441 , 6.533864 , 26, 211 , 258 ;
791 , 677.477295 , 5.987288 , 26, 199 , 262 ;
793 , 364.295837 , 6.178218 , 30, 176 , 348 ;
793 , 370.100800 , 6.190871 , 26, 199 , 248 ;
797 , 928.830444 , 5.842593 , 28, 177 , 286 ;
797 , 365.209412 , 5.943925 , 28, 175 , 286 ;
801 , 915.364868 , 6.219409 , 28, 194 , 298 ;
803 , 744.949219 , 6.439130 , 28, 190 , 294 ;
804 , 597.582214 , 5.801887 , 28, 181 , 292 ;
805 , 1161.595337 , 6.479339 , 26, 204 , 262 ;
809 , 751.702271 , 6.623016 , 26, 209 , 268 ;
810 , 364.275085 , 5.894009 , 28, 185 , 278 ;
811 , 368.332214 , 6.404255 , 26, 201 , 266 ;
813 , 364.237061 , 6.231076 , 25, 203 , 241 ;
815 , 522.656982 , 6.147982 , 28, 186 , 296 ;
819 , 605.400513 , 5.866071 , 26, 196 , 248 ;
821 , 637.593933 , 6.158590 , 27, 193 , 271 ;
823 , 369.367035 , 6.813492 , 26, 209 , 264 ;
824 , 531.673157 , 5.856522 , 28, 179 , 302 ;
825 , 647.109741 , 6.231092 , 26, 204 , 242 ;
825 , 522.011108 , 5.271845 , 28, 175 , 288 ;
826 , 803.169312 , 5.981567 , 29, 181 , 347 ;
830 , 876.327881 , 6.415179 , 28, 197 , 292 ;
832 , 365.191101 , 6.149573 , 27, 194 , 281 ;
835 , 481.712158 , 7.085366 , 26, 214 , 272 ;
837 , 711.634399 , 6.259912 , 28, 190 , 316 ;
843 , 598.797668 , 6.711297 , 28, 197 , 310 ;
844 , 705.517029 , 5.700483 , 30, 169 , 350 ;
864 , 1075.488770 , 6.246696 , 28, 186 , 296 ;
889 , 763.217285 , 6.240158 , 25, 205 , 223 ;
891 , 503.809570 , 6.156250 , 31, 170 , 347 ;
891 , 701.928467 , 5.660634 , 28, 185 , 306 ;
899 , 366.003265 , 6.471774 , 27, 204 , 291 ;
900 , 709.298035 , 6.286995 , 27, 190 , 273 ;
905 , 365.994934 , 6.248945 , 27, 195 , 269 ;
914 , 365.854279 , 5.292079 , 28, 163 , 274 ;
922 , 695.364563 , 6.169014 , 28, 184 , 286 ;
923 , 368.981720 , 5.866071 , 28, 180 , 300 ;
923 , 522.040833 , 6.242553 , 26, 204 , 238 ;
937 , 732.407104 , 5.922280 , 31, 163 , 357 ;
942 , 666.606934 , 5.721650 , 30, 164 , 326 ;
943 , 365.816254 , 6.537190 , 26, 206 , 252 ;
946 , 525.689514 , 5.940639 , 28, 182 , 298 ;
958 , 675.281860 , 6.180328 , 26, 199 , 268 ;
961 , 371.375427 , 5.626609 , 26, 185 , 244 ;
962 , 512.304810 , 6.324201 , 28, 194 , 314 ;
972 , 372.430939 , 5.842364 , 30, 167 , 326 ;
974 , 597.754944 , 5.979675 , 26, 199 , 268 ;
1005 , 378.460968 , 6.477179 , 26, 200 , 246 ;
1016 , 837.312012 , 6.320463 , 24, 218 , 210 ;
1017 , 724.770081 , 5.842105 , 26, 196 , 264 ;
1018 , 370.221313 , 6.637500 , 26, 204 , 254 ;
1031 , 742.783203 , 6.661355 , 26, 207 , 254 ;
1041 , 369.695343 , 6.549550 , 28, 188 , 288 ;
1042 , 369.288635 , 5.816964 , 28, 177 , 310 ;
1047 , 600.297852 , 6.470588 , 28, 193 , 320 ;
1056 , 366.933563 , 6.197425 , 28, 187 , 312 ;
1062 , 613.159912 , 6.844538 , 27, 208 , 305 ;
1064 , 369.067200 , 6.361538 , 25, 210 , 249 ;
1079 , 474.358398 , 5.973077 , 24, 204 , 220 ;
1136 , 371.947113 , 6.626556 , 26, 207 , 250 ;
1154 , 846.165039 , 5.925438 , 26, 191 , 258 ;
1171 , 504.041748 , 6.527027 , 28, 196 , 294 ;
1192 , 524.087219 , 6.106482 , 28, 180 , 312 ;
1221 , 980.822754 , 5.539906 , 28, 173 , 276 ;
1244 , 370.902252 , 6.008197 , 26, 195 , 258 ;
1257 , 524.364441 , 5.707207 , 28, 180 , 308 ;
1264 , 370.410583 , 5.991342 , 27, 194 , 275 ;
1267 , 600.958252 , 6.305310 , 28, 193 , 294 ;
1270 , 613.325195 , 6.183761 , 28, 191 , 314 ;
1280 , 617.529663 , 5.958525 , 28, 183 , 290 