8 , 4.987884 , 7.821429 , 25, 4.000000 , 3.079763, 1.133116 ;
0 , 1.148062 , 7.577670 , 25, 3.678571 , 3.458192, 0.916246 ;
4 , 4.530319 , 7.604348 , 23, 3.965517 , 2.828302, 0.831479 ;
3 , 1.449095 , 7.668342 , 27, 3.685185 , 3.792024, 1.333333 ;
0 , 0.555047 , 7.995370 , 26, 3.927273 , 3.980892, 1.099944 ;
4 , 0.941072 , 7.379310 , 26, 3.690909 , 3.193696, 0.993808 ;
0 , 1.222057 , 7.603865 , 26, 3.763636 , 3.344703, 0.993808 ;
1 , 1.228055 , 7.601896 , 24, 3.701754 , 2.875460, 0.666667 ;
5 , 1.023059 , 7.291262 , 25, 3.678571 , 3.276624, 0.785674 ;
0 , 0.932061 , 7.700934 , 24, 3.754386 , 2.701543, 0.942809 ;
4 , 0.896118 , 7.535885 , 26, 3.800000 , 2.605726, 1.196703 ;
0 , 0.401004 , 4.857143 , 35, 2.130435 , 2.727651, 0.566558 ;
7 , 1.176184 , 6.846535 , 25, 3.607143 , 1.460019, 0.628539 ;
0 , 0.967047 , 7.848624 , 25, 3.892857 , 3.974646, 1.030402 ;
1 , 0.846102 , 7.686636 , 24, 3.807018 , 3.642735, 0.666667 ;
0 , 0.826066 , 7.620690 , 26, 3.690909 , 3.396591, 1.286204 ;
5 , 1.046088 , 7.310679 , 25, 3.678571 , 2.731134, 1.133116 ;
9 , 9.280540 , 8.292237 , 26, 3.981818 , 3.566216, 1.662959 ;
4 , 1.176224 , 8.519824 , 26, 4.127273 , 4.314927, 1.662959 ;
8 , 3.999240 , 8.409692 , 25, 4.053571 , 3.296633, 1.547599 ;
6 , 4.831162 , 8.219178 , 26, 3.981818 , 3.238568, 1.662959 ;
5 , 5.912002 , 8.342592 , 27, 4.000000 , 3.823021, 1.825742 ;
1 , 0.315121 , 7.241025 , 26, 3.545455 , 3.476715, 0.737028 ;
0 , 1.156069 , 8.009174 , 25, 3.892857 , 3.240199, 1.133115 ;
3 , 0.958109 , 7.047619 , 27, 3.500000 , 3.397049, 0.816497 ;
4 , 1.378110 , 8.127854 , 26, 3.981818 , 3.785256, 1.448712 ;
9 , 3.788821 , 8.094595 , 26, 4.036364 , 3.317410, 1.523479 ;
0 , 0.477016 , 5.330189 , 34, 2.255319 , 3.921855, 0.785674 ;
0 , 0.994059 , 7.510101 , 27, 3.666667 , 2.701543, 1.333333 ;
3 , 1.248069 , 7.362745 , 26, 3.709091 , 2.724644, 0.737028 ;
1 , 0.686086 , 7.702830 , 25, 3.785714 , 3.158300, 1.314685 ;
5 , 0.817058 , 7.423077 , 26, 3.781818 , 3.396591, 0.993808 ;
4 , 1.009103 , 7.108247 , 26, 3.527273 , 3.268296, 0.737028 ;
0 , 0.949053 , 7.541063 , 26, 3.763636 , 3.130434, 0.993808 ;
1 , 0.885078 , 7.778846 , 26, 3.781818 , 3.238568, 1.448712 ;
3 , 0.638078 , 7.668224 , 25, 3.821429 , 3.233474, 1.396645 ;
0 , 1.035055 , 7.650486 , 26, 3.745455 , 2.808621, 1.196703 ;
0 , 0.659056 , 7.386138 , 26, 3.672727 , 2.981787, 0.737028 ;
0 , 0.837065 , 7.531100 , 25, 3.732143 , 2.965607, 0.916246 ;
3 , 1.277062 , 7.462687 , 27, 3.722222 , 3.203923, 1.247219 ;
0 , 0.880043 , 7.400000 , 27, 3.703704 , 3.368781, 0.816497 ;
2 , 0.842042 , 7.478873 , 24, 3.736842 , 3.250018, 0.816497 ;
0 , 0.957082 , 9.538961 , 17, 4.812500 , 2.297393, 0.874890 ;
0 , 0.752054 , 7.850679 , 24, 3.877193 , 3.151602, 0.942809 ;
1 , 0.660055 , 7.577670 , 26, 3.745455 , 3.639223, 0.874890 ;
0 , 1.072055 , 7.415000 , 26, 3.636364 , 3.820126, 0.874890 ;
7 , 1.758390 , 7.632743 , 25, 4.035714 , 2.173324, 0.785674 ;
3 , 1.400140 , 6.909575 , 27, 3.481482 , 3.092639, 0.942809 ;
2 , 1.341095 , 7.593458 , 25, 3.821429 , 3.043339, 0.916246 ;
1 , 1.144076 , 8.069565 , 24, 4.035088 , 3.050994, 1.414214 ;
8 , 2.438336 , 7.033493 , 25, 3.732143 , 1.829953, 0.628539 ;
0 , 1.007059 , 7.475728 , 26, 3.745455 , 3.193695, 1.196703 ;
0 , 0.102015 , 5.309091 , 33, 2.291667 , 3.487614, 0.471405 ;
5 , 0.856141 , 7.797235 , 25, 3.875000 , 4.026014, 0.916246 ;
1 , 2.039074 , 7.963303 , 26, 3.963636 , 3.637793, 1.369870 ;
0 , 1.230061 , 7.930555 , 25, 3.857143 , 3.523417, 1.133116 ;
0 , 0.601055 , 7.275510 , 27, 3.629630 , 3.753500, 0.942809 ;
1 , 1.062081 , 7.789720 , 25, 3.821429 , 3.146052, 1.030402 ;
0 , 1.055064 , 7.591133 , 26, 3.690909 , 3.560381, 0.874890 ;
9 , 1.617150 , 8.914729 , 23, 4.448276 , 3.396427, 1.640536 ;
2 , 0.365067 , 7.520000 , 26, 3.636364 , 3.530964, 0.874890 ;
0 , 0.982064 , 7.512691 , 27, 3.648148 , 3.006525, 1.247219 ;
0 , 1.073064 , 8.192825 , 25, 3.982143 , 3.364046, 1.314685 ;
0 , 0.644027 , 5.299066 , 35, 2.326087 , 2.638151, 0.737028 ;
3 , 0.349110 , 7.132653 , 26, 3.563636 , 2.862506, 0.737028 ;
5 , 1.377116 , 6.876847 , 26, 3.690909 , 1.699673, 0.874890 ;
1 , 1.042052 , 7.417086 , 27, 3.685185 , 3.304530, 0.942809 ;
0 , 0.830059 , 7.898058 , 26, 3.745455 , 3.839683, 0.993808 ;
0 , 0.978056 , 7.954955 , 24, 3.894737 , 3.025290, 0.942809 ;
7 , 2.480472 , 7.216590 , 24, 3.807018 , 2.385290, 0.942809 ;
0 , 0.828077 , 7.165854 , 25, 3.660714 , 3.229136, 0.628539 ;
0 , 0.627029 , 5.731707 , 33, 2.562500 , 3.723615, 0.816497 ;
7 , 6.385023 , 7.554585 , 23, 3.948276 , 2.159863, 0.955814 ;
1 , 0.884046 , 7.392857 , 27, 3.629630 , 3.563472, 0.942809 ;
1 , 0.805192 , 7.556604 , 25, 3.785714 , 3.390780, 1.030402 ;
1 , 0.411125 , 8.157408 , 26, 3.927273 , 3.863206, 1.369870 ;
0 , 1.018052 , 7.725119 , 25, 3.767857 , 3.446006, 0.916246 ;
0 , 1.020060 , 7.823529 , 24, 3.877193 , 3.913886, 0.816497 ;
1 , 1.078058 , 7.357843 , 25, 3.642857 , 3.375489, 0.785674 ;
5 , 4.224576 , 7.705628 , 24, 4.052631 , 1.885618, 0.666667 ;
0 , 1.171060 , 8.074419 , 25, 3.839286 , 3.162587, 1.133116 ;
0 , 1.000071 , 7.710900 , 26, 3.836364 , 3.763276, 0.993808 ;
0 , 0.816057 , 7.539604 , 26, 3.672727 , 3.396591, 0.993808 ;
4 , 1.303123 , 7.495370 , 25, 3.857143 , 2.199888, 1.030402 ;
6 , 6.535320 , 8.609375 , 23, 4.413793 , 2.518458, 1.342561 ;
7 , 4.181151 , 8.556911 , 24, 4.315790 , 2.730382, 1.563472 ;
5 , 6.886984 , 8.655870 , 24, 4.333333 , 3.125898, 1.563472 ;
6 , 8.669939 , 8.607287 , 24, 4.333333 , 3.299832, 1.563472 ;
7 , 9.900611 , 8.434426 , 24, 4.280702 , 3.344729, 1.414214 ;
6 , 14.416649 , 8.654618 , 24, 4.368421 , 3.250018, 1.563472 ;
6 , 2.091832 , 8.312500 , 24, 4.210526 , 2.579590, 1.414214 ;
5 , 8.829266 , 8.658634 , 24, 4.368421 , 3.218416, 1.563472 ;
6 , 6.620800 , 8.421488 , 24, 4.245614 , 2.880212, 1.414214 ;
6 , 9.318468 , 8.278008 , 24, 4.228070 , 2.813398, 1.414214 ;
6 , 1.033128 , 8.378601 , 24, 4.263158 , 2.787694, 1.414214 ;
6 , 8.622641 , 8.323651 , 24, 4.228070 , 3.025290, 1.414214 ;
4 , 6.037138 , 8.273859 , 24, 4.228070 , 3.151602, 1.414214 ;
8 , 5.580388 , 8.411523 , 24, 4.263158 , 3.154701, 1.414214 ;
1 , 0.822055 , 7.119792 , 26, 3.490909 , 3.087560, 1.099944 ;
3 , 1.031081 , 7.929204 , 24, 3.964912 , 3.151602, 0.942809 ;
1 , 1.263076 , 7.448276 , 26, 3.690909 , 2.403529, 1.286204 ;
3 , 1.105059 , 7.373134 , 26, 3.654546 , 3.261038, 0.874890 ;
8 , 3.039752 , 7.669456 , 22, 4.050848 , 2.247579, 0.496904 ;
0 , 0.696056 , 7.433673 , 26, 3.563636 , 2.981787, 0.993808 ;
0 , 0.582019 , 5.513274 , 34, 2.404255 , 3.450294, 1.133115 ;
1 , 0.489051 , 7.253886 , 27, 3.574074 , 3.385411, 0.666667 ;
0 , 1.269050 , 7.826667 , 24, 3.947368 , 3.203923, 0.816497 ;
7 , 3.430932 , 7.646018 , 24, 3.964912 , 2.449490, 0.816497 ;
0 , 0.412011 , 5.216981 , 34, 2.255319 , 2.444616, 0.628539 ;
0 , 0.935055 , 7.990338 , 27, 3.833333 , 3.715525, 1.632993 ;
4 , 1.805080 , 7.810185 , 25, 3.857143 , 3.478202, 1.030402 ;
0 , 1.065070 , 7.684466 , 26, 3.745455 , 3.123176, 1.196703 ;
7 , 4.262947 , 7.004878 , 26, 3.727273 , 1.870143, 0.566558 ;
8 , 1.677278 , 6.980952 , 24, 3.684211 , 2.192164, 0.666667 ;
0 , 0.657049 , 7.492462 , 26, 3.618182 , 3.542464, 0.874890 ;
0 , 1.165059 , 7.716981 , 25, 3.785714 , 2.977050, 1.133115 ;
2 , 0.612067 , 7.927602 , 25, 3.946429 , 2.689343, 1.474056 ;
3 , 3.511785 , 7.558558 , 25, 3.964286 , 2.444616, 1.030402 ;
9 , 6.039504 , 7.612069 , 23, 4.000000 , 2.054805, 0.684935 ;
3 , 0.873055 , 7.171123 , 28, 3.528302 , 2.670759, 1.286204 ;
5 , 2.360033 , 7.479821 , 24, 3.912281 , 3.203923, 0.942809 ;
6 , 0.601117 , 6.952830 , 24, 3.719298 , 1.996902, 0.666667 ;
0 , 0.938044 , 7.429268 , 26, 3.727273 , 3.306297, 0.874890 ;
3 , 2.293613 , 7.771689 , 26, 3.981818 , 3.560381, 1.286204 ;
0 , 1.104060 , 6.808743 , 27, 3.388889 , 3.006525, 0.666667 ;
0 , 1.194052 , 7.875598 , 26, 3.800000 , 4.394535, 0.993808 ;
0 , 0.819050 , 6.920213 , 27, 3.481482 , 3.392299, 0.942809 ;
1 , 0.999062 , 7.760976 , 27, 3.796296 , 3.376330, 1.154701 ;
2 , 1.470054 , 7.581281 , 26, 3.690909 , 3.630376, 1.286204 ;
5 , 1.420361 , 6.785366 , 24, 3.596491 , 2.552285, 0.471404 ;
0 , 1.108046 , 7.783654 , 26, 3.781818 , 3.794632, 1.286204 ;
0 , 1.277057 , 7.828948 , 23, 3.931035 , 2.939331, 0.831479 ;
7 , 1.710319 , 7.913043 , 25, 4.107143 , 3.478202, 1.133115 ;
5 , 2.463904 , 7.246511 , 25, 3.839286 , 1.885618, 0.785674 ;
0 , 0.085013 , 5.407407 , 34, 2.297872 , 3.499240, 0.785674 ;
2 , 0.626052 , 7.071038 , 28, 3.452830 , 3.852777, 0.874890 ;
9 , 2.093200 , 8.366534 , 23, 4.327586 , 2.681757, 1.165343 ;
1 , 1.129055 , 7.257732 , 27, 3.592592 , 3.411115, 0.942809 ;
0 , 0.904061 , 7.519048 , 24, 3.684211 , 2.537256, 0.816497 ;
0 , 0.727051 , 6.876404 , 28, 3.358490 , 3.923465, 0.993808 ;
0 , 1.056066 , 8.212963 , 26, 3.927273 , 3.936443, 1.523479 ;
9 , 2.183799 , 8.185520 , 26, 4.018182 , 3.889577, 1.662959 ;
7 , 0.439072 , 8.146443 , 24, 4.192983 , 3.363494, 1.333333 ;
0 , 0.991050 , 7.765306 , 28, 3.698113 , 3.171537, 1.523479 ;
1 , 1.106074 , 7.489796 , 27, 3.629630 , 3.816133, 0.942809 ;
1 , 0.895061 , 7.495000 , 27, 3.703704 , 3.361301, 1.054093 ;
2 , 1.821080 , 7.453659 , 26, 3.727273 , 3.637793, 0.737028 ;
0 , 0.594062 , 7.669767 , 25, 3.839286 , 3.580915, 0.785674 ;
0 , 1.149068 , 7.669811 , 25, 3.785714 , 4.081226, 0.916246 ;
1 , 1.288128 , 7.448113 , 24, 3.719298 , 2.828427, 0.816497 ;
2 , 1.115053 , 7.246154 , 27, 3.611111 , 3.376330, 1.154701 ;
5 , 0.874081 , 8.472103 , 24, 4.087719 , 3.244121, 1.563472 ;
6 , 1.484211 , 8.385282 , 24, 4.052631 , 2.730382, 1.563472 ;
0 , 0.116016 , 5.164948 , 35, 2.108696 , 3.184319, 0.566558 ;
0 , 1.003063 , 7.858407 , 24, 3.964912 , 3.344729, 0.666667 ;
0 , 1.214057 , 7.610577 , 26, 3.781818 , 3.273258, 0.993808 ;
0 , 0.759056 , 7.890476 , 26, 3.818182 , 4.015285, 1.196703 ;
3 , 0.870127 , 7.084656 , 26, 3.436364 , 2.670759, 0.874890 ;
0 , 1.282066 , 7.843137 , 26, 3.709091 , 3.582851, 1.196703 ;
0 , 0.463014 , 5.096154 , 34, 2.212766 , 3.212721, 0.415740 ;
0 , 0.249023 , 5.457944 , 35, 2.326087 , 2.811317, 0.874890 ;
2 , 0.881101 , 7.607656 , 25, 3.732143 , 3.098565, 0.785674 ;
1 , 1.157098 , 7.864865 , 24, 3.894737 , 2.299660, 1.154701 ;
0 , 2.766069 , 7.563107 , 26, 3.745455 , 3.853470, 1.196703 ;
1 , 0.841064 , 7.725000 , 27, 3.703704 , 3.864784, 1.333333 ;
2 , 0.997060 , 6.983871 , 27, 3.444444 , 3.822644, 0.666667 ;
1 , 0.700068 , 7.521327 , 25, 3.767857 , 2.601750, 0.916246 ;
6 , 1.894279 , 7.028302 , 24, 3.719298 , 2.747547, 0.471404 ;
0 , 0.716053 , 7.166667 , 29, 3.461539 , 3.762716, 1.133116 ;
6 , 3.578071 , 7.563380 , 26, 3.872727 , 3.290455, 1.196703 ;
0 , 0.394025 , 5.568965 , 33, 2.416667 , 3.173519, 0.816497 ;
1 , 0.848072 , 7.160428 , 28, 3.528302 , 3.087560, 1.286204 ;
2 , 1.665147 , 7.306931 , 26, 3.672727 , 3.087560, 0.874890 ;
9 , 6.867601 , 7.488263 , 26, 3.872727 , 2.660310, 1.099944 ;
2 , 1.259070 , 8.260663 , 28, 3.981132 , 3.463622, 1.911628 ;
0 , 0.638076 , 7.294686 , 25, 3.696429 , 2.894770, 0.628539 ;
0 , 0.701026 , 5.426087 , 33, 2.395833 , 3.477929, 0.666667 ;
0 , 0.614063 , 7.585714 , 25, 3.750000 , 3.233474, 0.916246 ;
4 , 0.381074 , 8.077982 , 26, 3.963636 , 4.025943, 1.196703 ;
0 , 0.403019 , 5.262136 , 34, 2.191489 , 2.681971, 0.785674 ;
1 , 0.958073 , 7.500000 , 26, 3.745455 , 2.968642, 1.196703 ;
0 , 1.140058 , 7.522168 , 26, 3.690909 , 3.206841, 1.196703 ;
2 , 0.756106 , 7.420513 , 27, 3.611111 , 4.108276, 1.154701 ;
1 , 0.867081 , 8.273128 , 24, 3.982456 , 3.252210, 1.154701 ;
3 , 1.963785 , 6.891625 , 25, 3.625000 , 1.885618, 0.785674 ;
5 , 16.181679 , 7.612069 , 23, 4.000000 , 2.013318, 0.831479 ;
5 , 6.337893 , 8.357142 , 26, 4.072727 , 3.531657, 1.662959 ;
5 , 3.063514 , 8.055300 , 26, 3.945455 , 2.711861, 1.662959 ;
9 , 9.995588 , 8.371179 , 26, 4.163636 , 3.874757, 1.662959 ;
4 , 10.128496 , 8.180996 , 26, 4.018182 , 3.065401, 1.662959 ;
5 , 1.411118 , 6.934783 , 27, 3.407408 , 2.537256, 1.154701 ;
7 , 4.915983 , 8.250000 , 24, 4.210526 , 3.397049, 1.247219 ;
7 , 2.986025 , 8.180673 , 24, 4.175438 , 2.939711, 1.414214 ;
2 , 1.585069 , 7.051814 , 27, 3.574074 , 3.735031, 0.942809 ;
1 , 0.272088 , 7.929906 , 25, 3.821429 , 2.842787, 1.133116 ;
9 , 2.311695 , 7.622807 , 24, 4.000000 , 2.149830, 0.816497 ;
0 , 0.961087 , 8.051724 , 24, 4.070176 , 3.522399, 0.942809 ;
9 , 10.176233 , 7.886555 , 23, 4.103448 , 2.728699, 0.955814 ;
0 , 1.113072 , 7.571429 , 25, 3.750000 , 3.704986, 0.628539 ;
5 , 3.251277 , 7.977376 , 26, 4.018182 , 2.743587, 1.448712 ;
1 , 0.613069 , 8.203704 , 26, 3.927273 , 3.916885, 1.369870 ;
6 , 1.194085 , 7.331633 , 27, 3.629630 , 3.680740, 1.054093 ;
7 , 2.877609 , 8.493927 , 23, 4.258621 , 3.286500, 1.257079 ;
8 , 5.162206 , 8.548388 , 23, 4.275862 , 3.764982, 1.257079 ;
0 , 1.034067 , 7.986842 , 23, 3.931035 , 2.408532, 1.065740 ;
1 , 1.626061 , 7.777251 , 25, 3.767857 , 2.748737, 1.314685 ;
3 , 1.522137 , 7.366834 , 27, 3.685185 , 3.247219, 1.247219 ;
1 , 0.538067 , 7.266010 , 25, 3.625000 , 2.287481, 0.785674 ;
0 , 1.120052 , 7.637255 , 26, 3.709091 , 3.649882, 0.737028 ;
0 , 0.713062 , 7.197044 , 25, 3.625000 , 2.357023, 0.628539 ;
2 , 1.078034 , 6.936170 , 27, 3.481482 , 3.483163, 0.816497 ;
0 , 1.147074 , 7.567442 , 24, 3.771930 , 3.040319, 0.816497 ;
2 , 1.683065 , 7.773148 , 25, 3.857143 , 3.493493, 0.916246 ;
1 , 1.351051 , 6.984772 , 26, 3.581818 , 2.541391, 0.314270 ;
9 , 2.143109 , 8.604838 , 24, 4.350877 , 3.218951, 1.563472 ;
7 , 5.769060 , 8.420000 , 23, 4.310345 , 3.286500, 1.165343 ;
7 , 0.555067 , 7.466667 , 24, 3.947368 , 1.759306, 0.666667 ;
0 , 0.944056 , 7.755656 , 24, 3.877193 , 3.117808, 1.054093 ;
1 , 0.640080 , 7.277778 , 26, 3.600000 , 3.379956, 0.737028 ;
1 , 0.976050 , 6.878307 , 27, 3.500000 , 3.242469, 0.942809 ;
8 , 1.617124 , 7.325792 , 24, 3.877193 , 2.425972, 0.666667 ;
0 , 0.863084 , 9.431818 , 17, 4.812500 , 2.486807, 0.566558 ;
0 , 0.708092 , 7.601896 , 25, 3.767857 , 2.571763, 1.133116 ;
0 , 0.270006 , 4.784091 , 35, 1.913043 , 2.849723, 0.737028 ;
2 , 0.657072 , 6.826816 , 29, 3.442308 , 3.130761, 0.916246 ;
9 , 9.217719 , 8.427948 , 25, 4.089286 , 2.977050, 1.617802 ;
9 , 6.374454 , 8.391304 , 25, 4.107143 , 2.704464, 1.547599 ;
0 , 0.631058 , 7.641510 , 25, 3.785714 , 2.888269, 1.030402 ;
0 , 0.986066 , 7.763889 , 24, 3.789474 , 2.924682, 1.154701 ;
0 , 0.706042 , 7.531401 , 26, 3.763636 , 4.224428, 0.737028 ;
0 , 0.890053 , 7.242105 , 27, 3.518518 , 3.554428, 0.942809 ;
0 , 1.144056 , 7.375635 , 27, 3.648148 , 3.649139, 1.154701 ;
0 , 0.920059 , 7.884058 , 26, 3.763636 , 3.119649, 1.286204 ;
0 , 1.009046 , 7.752294 , 24, 3.824561 , 2.967978, 0.942809 ;
2 , 0.595067 , 7.201031 , 26, 3.527273 , 3.193696, 0.874890 ;
1 , 0.916138 , 7.118556 , 26, 3.527273 , 3.290455, 0.874890 ;
0 , 0.448057 , 8.149779 , 24, 3.982456 , 4.075646, 0.816497 ;
0 , 0.371028 , 5.859504 , 34, 2.574468 , 3.446006, 0.628539 ;
6 , 0.802209 , 7.660634 , 26, 4.018182 , 3.193696, 1.286204 ;
3 , 0.780064 , 7.262376 , 26, 3.672727 , 3.357486, 0.993808 ;
0 , 0.809068 , 7.421052 , 25, 3.732143 , 3.147176, 0.785674 ;
2 , 0.459094 , 7.134328 , 25, 3.589286 , 3.018841, 0.785674 ;
9 , 1.524352 , 7.442478 , 23, 3.896552 , 1.825287, 0.684935 ;
0 , 0.582050 , 7.030928 , 27, 3.592592 , 2.875460, 0.942809 ;
9 , 2.119115 , 7.093023 , 24, 3.771930 , 2.387426, 0.816497 ;
8 , 1.542115 , 7.427230 , 24, 3.736842 , 3.495094, 0.471404 ;
2 , 6.856579 , 7.237209 , 24, 3.771930 , 2.149830, 0.816497 ;
0 , 0.295013 , 4.917526 , 35, 2.108696 , 2.660310, 0.566558 ;
0 , 0.056020 , 5.669565 , 34, 2.446809 , 3.718161, 0.628539 ;
1 , 1.443070 , 7.375610 , 25, 3.660714 , 3.059754, 1.030402 ;
8 , 3.270873 , 7.334862 , 24, 3.824561 , 2.425972, 0.666667 ;
5 , 7.940256 , 7.602740 , 25, 3.910714 , 2.835035, 1.030402 ;
9 , 2.034443 , 7.193396 , 25, 3.785714 , 2.330459, 0.785674 ;
0 , 1.306059 , 7.599078 , 24, 3.807018 , 3.040319, 0.666667 ;
0 , 0.884058 , 8.105727 , 24, 3.982456 , 3.172948, 1.247219 ;
0 , 1.319059 , 7.483092 , 25, 3.696429 , 2.988917, 0.785674 ;
0 , 0.921057 , 7.371859 , 26, 3.618182 , 4.274520, 0.993808 ;
8 , 4.019771 , 7.518018 , 24, 3.894737 , 2.149830, 1.054093 ;
0 , 0.968068 , 6.505682 , 27, 3.259259 , 2.787694, 0.666667 ;
1 , 1.573107 , 7.346342 , 26, 3.727273 , 2.952706, 0.737028 ;
0 , 1.327054 , 7.045685 , 26, 3.581818 , 3.463442, 0.314270 ;
0 , 1.148056 , 7.820755 , 25, 3.785714 , 2.748737, 1.030402 ;
1 , 0.651072 , 7.756881 , 24, 3.824561 , 3.006525, 1.054093 ;
1 , 0.754079 , 7.634615 , 26, 3.781818 , 4.161317, 0.737028 ;
0 , 1.103052 , 7.905213 , 26, 3.836364 , 4.092161, 0.874890 ;
2 , 0.962070 , 8.027027 , 24, 3.894737 , 3.262886, 1.054093 ;
9 , 11.891376 , 8.287037 , 27, 4.000000 , 4.232140, 1.763834 ;
0 , 0.642056 , 7.335052 , 27, 3.592592 , 3.100188, 1.247219 ;
1 , 2.113198 , 7.726852 , 25, 3.857143 , 3.276623, 0.916246 ;
0 , 0.559021 , 5.380531 , 34, 2.404255 , 3.257908, 0.628539 ;
1 , 1.241082 , 8.112107 , 25, 3.982143 , 3.523417, 1.314684 ;
1 , 1.079061 , 8.131222 , 26, 4.018182 , 4.413326, 1.099944 ;
0 , 1.002063 , 7.437186 , 26, 3.618182 , 3.613515, 1.099944 ;
0 , 0.464079 , 7.111675 , 26, 3.581818 , 4.109609, 0.566558 ;
0 , 0.790062 , 7.628713 , 26, 3.672727 , 3.344524, 1.196703 ;
0 , 1.173059 , 7.776256 , 24, 3.842105 , 2.856695, 0.816497 ;
1 , 0.695076 , 7.577115 , 26, 3.654546 , 2.711861, 1.196703 ;
2 , 0.584080 , 7.769953 , 25, 3.803571 , 3.173910, 1.030402 ;
4 , 2.015168 , 7.694915 , 22, 4.000000 , 2.828302, 0.496904 ;
1 , 0.955063 , 7.454082 , 27, 3.629630 , 3.344729, 0.942809 ;
0 , 1.000059 , 7.447761 , 26, 3.654546 , 4.094127, 0.874890 ;
1 , 1.378062 , 7.630841 , 25, 3.821429 , 3.667163, 1.133115 ;
0 , 1.035094 , 9.447712 , 17, 4.781250 , 2.297394, 0.737028 ;
0 , 0.864057 , 7.274611 , 26, 3.509091 , 2.297394, 0.993808 ;
2 , 1.017061 , 7.485849 , 25, 3.785714 , 3.364046, 0.628539 ;
3 , 1.215074 , 7.248731 , 27, 3.648148 , 3.218416, 1.054093 ;
1 , 0.993070 , 7.708920 , 25, 3.803571 , 2.704464, 1.133115 ;
0 , 0.414021 , 5.213592 , 35, 2.239130 , 4.229532, 0.737028 ;
1 , 0.879065 , 7.544117 , 26, 3.709091 , 3.476715, 0.993808 ;
0 , 0.295018 , 5.669565 , 34, 2.446809 , 3.627575, 0.628539 ;
0 , 0.943067 , 8.048035 , 23, 3.948276 , 2.952636, 0.831479 ;
6 , 2.782397 , 8.402715 , 26, 4.018182 , 4.026637, 1.662959 ;
7 , 0.218418 , 8.262672 , 26, 3.945455 , 3.824053, 1.662959 ;
6 , -0.794571 , 8.366516 , 26, 4.018182 , 3.852777, 1.728483 ;
6 , 4.297474 , 8.416289 , 26, 4.018182 , 3.476715, 1.728483 ;
6 , 2.630659 , 8.528889 , 26, 4.090909 , 3.916885, 1.728483 ;
6 , 6.437371 , 8.296803 , 26, 3.981818 , 3.909627, 1.662959 ;
8 , 6.536193 , 8.328767 , 26, 3.981818 , 3.891392, 1.728483 ;
6 , 4.693982 , 8.375566 , 26, 4.018182 , 3.936443, 1.662959 ;
9 , 2.827622 , 8.223256 , 26, 3.909091 , 3.387214, 1.662959 ;
5 , 1.896113 , 8.418181 , 26, 4.000000 , 4.064558, 1.662959 ;
7 , 3.001979 , 8.401827 , 26, 3.981818 , 4.149240, 1.728483 ;
9 , 5.803880 , 7.598253 , 24, 4.017544 , 2.341994, 0.666667 ;
0 , 0.817063 , 7.369458 , 25, 3.625000 , 2.728898, 0.785674 ;
0 , 1.060059 , 7.610577 , 25, 3.714286 , 3.079763, 1.133116 ;
1 , 1.136074 , 7.585714 , 25, 3.750000 , 3.079763, 0.916246 ;
1 , 1.264105 , 8.105263 , 27, 3.870370 , 4.165754, 1.414214 ;
0 , 0.383019 , 5.087379 , 35, 2.239130 , 2.946483, 0.314270 ;
2 , 1.122072 , 6.984375 , 27, 3.555556 , 2.637864, 1.054093 ;
0 , 0.261018 , 5.339286 , 33, 2.333333 , 3.092639, 0.471405 ;
2 , 1.203070 , 7.612745 , 26, 3.709091 , 2.660310, 1.286204 ;
2 , 1.300077 , 7.273632 , 26, 3.654546 , 3.219935, 0.874890 ;
0 , 1.315069 , 7.492611 , 26, 3.690909 , 3.344703, 0.737028 ;
0 , 1.145075 , 9.485531 , 17, 4.859375 , 2.830780, 0.737028 ;
3 , 4.985941 , 7.639485 , 23, 4.017241 , 2.137653, 0.684935 ;
3 , 0.710107 , 7.789237 , 23, 3.844828 , 2.853034, 0.955814 ;
1 , 0.776069 , 8.573276 , 24, 4.070176 , 3.385411, 1.247219 ;
2 , 1.532108 , 7.681818 , 27, 3.666667 , 3.040319, 1.414214 ;
1 , 0.522059 , 7.693023 , 25, 3.839286 , 2.704464, 0.916246 ;
1 , 2.001067 , 7.937198 , 27, 3.833333 , 4.471154, 1.333333 ;
2 , 1.011059 , 7.879807 , 26, 3.781818 , 4.472641, 0.993808 ;
0 , 0.708067 , 8.079295 , 24, 3.982456 , 3.503582, 0.942809 ;
0 , 0.643042 , 7.216749 , 25, 3.625000 , 3.261332, 0.628539 ;
0 , 1.042067 , 7.257576 , 26, 3.600000 , 3.768238, 0.993808 ;
1 , 1.130066 , 7.405941 , 26, 3.672727 , 3.065401, 0.993808 ;
5 , 0.246134 , 7.205000 , 26, 3.636364 , 2.624669, 0.993808 ;
6 , 2.556269 , 7.346847 , 24, 3.894737 , 2.701543, 0.816497 ;
1 , 0.933078 , 7.421052 , 24, 3.666667 , 3.050994, 0.816497 ;
0 , 1.263058 , 7.956731 , 27, 3.851852 , 3.735253, 1.414214 ;
8 , 8.837670 , 7.845455 , 26, 4.000000 , 2.808621, 1.523479 ;
7 , 1.261131 , 7.348837 , 25, 3.839286 , 1.247219, 0.916246 ;
8 , 6.136033 , 7.631356 , 22, 4.000000 , 2.013318, 0.496904 ;
3 , 5.709097 , 8.159483 , 25, 4.142857 , 3.130761, 1.474056 ;
1 , 1.297072 , 7.497561 , 25, 3.660714 , 1.617154, 1.133115 ;
0 , 0.400021 , 4.961905 , 34, 2.234043 , 2.792057, 0.628539 ;
2 , 0.807052 , 7.495146 , 25, 3.678571 , 3.450294, 0.916246 ;
0 , 1.037058 , 7.738318 , 25, 3.821429 , 2.949192, 1.133116 ;
0 , 1.171086 , 9.423452 , 17, 4.796875 , 2.211083, 0.737028 ;
8 , 5.748672 , 7.563636 , 25, 3.928571 , 1.960525, 1.030402 ;
7 , 6.591876 , 7.422019 , 25, 3.892857 , 2.042753, 0.916246 ;
0 , 1.165055 , 7.278049 , 25, 3.660714 , 3.016604, 0.628539 ;
0 , 1.168058 , 7.819512 , 27, 3.796296 , 3.456012, 1.414214 ;
2 , 0.875120 , 7.065574 , 28, 3.452830 , 3.074777, 0.993808 ;
3 , 1.201078 , 7.216495 , 28, 3.660377 , 3.803491, 0.993808 ;
0 , 0.855063 , 7.700483 , 25, 3.696429 , 3.540885, 0.916246 ;
4 , 1.416103 , 7.291262 , 25, 3.678571 , 3.079763, 0.785674 ;
7 , 9.038572 , 8.029046 , 23, 4.155172 , 2.773493, 0.955814 ;
6 , 2.840459 , 7.856502 , 26, 4.054545 , 3.273820, 1.286204 ;
1 , 1.186083 , 7.353846 , 27, 3.611111 , 3.151602, 0.816497 ;
0 , 0.449059 , 7.634518 , 27, 3.648148 , 3.649139, 1.333333 ;
4 , 8.695802 , 8.319673 , 24, 4.280702 , 3.151602, 1.414214 ;
8 , 1.348101 , 7.168182 , 23, 3.793103 , 2.493726, 0.496904 ;
2 , 0.328076 , 7.475728 , 26, 3.745455 , 4.319726, 0.993808 ;
2 , 1.101162 , 7.118556 , 27, 3.592592 , 3.680740, 0.942809 ;
6 , 2.684437 , 7.218182 , 23, 3.793103 , 2.013318, 0.955814 ;
6 , 3.185760 , 7.548837 , 26, 3.909091 , 2.541391, 0.874890 ;
4 , 0.926057 , 7.192708 , 27, 3.555556 , 4.157379, 0.666667 ;
1 , 1.425064 , 7.716346 , 26, 3.781818 , 3.660310, 0.737028 ;
5 , 1.208074 , 7.862222 , 24, 3.947368 , 2.276142, 1.054093 ;
0 , 1.019049 , 7.927885 , 26, 3.781818 , 3.965998, 0.993808 ;
2 , 0.834190 , 7.956098 , 27, 3.796296 , 3.397049, 1.490712 ;
2 , 1.165047 , 7.238579 , 26, 3.581818 , 3.842118, 0.874890 ;
9 , 4.361887 , 7.770833 , 22, 4.067797 , 2.054805, 0.496904 ;
0 , 0.896046 , 7.723005 , 25, 3.803571 , 3.146052, 1.133116 ;
3 , 0.833063 , 7.715596 , 24, 3.824561 , 3.461909, 0.471405 ;
0 , 1.137064 , 8.090129 , 23, 4.017241 , 3.526466, 1.065740 ;
5 , 1.087154 , 7.697248 , 25, 3.892857 , 3.173910, 1.133116 ;
0 , 0.992064 , 7.148148 , 27, 3.500000 , 3.173519, 0.942809 ;
5 , 6.601388 , 8.312776 , 26, 4.127273 , 2.898122, 1.594745 ;
3 , 1.054083 , 7.640000 , 27, 3.703704 , 3.542126, 1.333333 ;
1 , 1.217082 , 9.156667 , 17, 4.687500 , 2.126924, 0.566558 ;
9 , 11.881636 , 8.022124 , 26, 4.109091 , 2.660310, 1.523479 ;
0 , 0.079015 , 5.346535 , 34, 2.148936 , 2.894770, 0.628539 ;
1 , 1.116061 , 7.348258 , 25, 3.589286 , 2.949192, 0.916246 ;
0 , 0.492005 , 5.134615 , 33, 2.166667 , 3.117809, 0.942809 ;
3 , 1.258091 , 7.353535 , 26, 3.600000 , 3.666517, 0.874890 ;
0 , 0.861060 , 7.599010 , 26, 3.672727 , 3.493350, 1.099944 ;
3 , 1.082094 , 7.546729 , 25, 3.821429 , 2.575187, 1.133116 ;
1 , 0.907077 , 7.863014 , 25, 3.910714 , 3.261332, 0.916246 ;
5 , 2.665636 , 7.018779 , 23, 3.672414 , 1.866774, 0.684935 ;
1 , 0.614089 , 7.438424 , 26, 3.690909 , 4.342060, 0.874890 ;
1 , 0.897070 , 7.516908 , 26, 3.763636 , 4.208275, 1.196703 ;
2 , 0.976071 , 7.078818 , 25, 3.625000 , 3.059754, 0.628539 ;
9 , 0.473818 , 8.039647 , 26, 4.127273 , 2.316337, 1.728483 ;
0 , 0.810061 , 7.762791 , 24, 3.771930 , 3.025290, 0.471404 ;
0 , 1.069049 , 7.549505 , 26, 3.672727 , 3.852777, 0.566558 ;
0 , 0.623067 , 7.297561 , 26, 3.727273 , 3.555609, 0.737028 ;
2 , 0.172102 , 8.090909 , 26, 3.800000 , 3.918346, 1.369870 ;
0 , 1.416106 , 7.625000 , 26, 3.781818 , 3.582851, 0.874890 ;
5 , 4.755715 , 7.572770 , 26, 3.872727 , 2.605725, 1.369870 ;
0 , 1.147059 , 7.894737 , 25, 3.732143 , 3.261332, 1.133115 ;
8 , 6.420437 , 8.487804 , 24, 4.315790 , 2.764176, 1.563472 ;
2 , 0.895078 , 7.130000 , 26, 3.636364 , 2.862506, 0.314270 ;
8 , 1.347177 , 7.316327 , 27, 3.629630 , 3.304530, 1.247219 ;
2 , 0.494158 , 7.603687 , 24, 3.807018 , 2.575802, 0.942809 ;
4 , 1.593156 , 8.468000 , 24, 4.385965 , 3.430843, 1.154701 ;
0 , 0.882050 , 7.557143 , 25, 3.750000 , 2.967993, 0.916246 ;
0 , 0.436065 , 7.668269 , 26, 3.781818 , 4.329660, 0.993808 ;
0 , 1.200063 , 7.510000 , 27, 3.703704 , 3.363494, 1.054093 ;
2 , 0.859066 , 7.436275 , 26, 3.709091 , 3.392177, 0.993808 ;
1 , 1.356080 , 7.372449 , 27, 3.629630 , 3.050994, 1.054093 ;
7 , 11.050879 , 8.217021 , 24, 4.122807 , 2.292772, 1.414214 ;
6 , 6.395096 , 8.150214 , 24, 4.087719 , 1.954568, 1.414214 ;
0 , 0.386016 , 5.185185 , 34, 2.297872 , 2.929182, 0.628539 ;
2 , 1.111061 , 7.478049 , 26, 3.727273 , 2.605726, 1.099944 ;
1 , 0.962077 , 7.435897 , 27, 3.611111 , 3.715525, 1.154701 ;
0 , 0.686052 , 8.066351 , 26, 3.836364 , 4.314927, 0.993808 ;
0 , 1.121090 , 9.404605 , 17, 4.750000 , 1.788325, 0.874890 ;
0 , 0.742062 , 8.328829 , 25, 3.964286 , 3.296633, 1.314685 ;
8 , 4.514533 , 8.286364 , 26, 4.000000 , 3.238568, 1.728483 ;
7 , 9.301889 , 8.334842 , 26, 4.018182 , 3.135396, 1.728483 ;
8 , 10.733071 , 8.266666 , 25, 4.017857 , 2.859469, 1.617802 ;
8 , 8.038113 , 8.254545 , 26, 4.000000 , 2.927539, 1.728483 ;
8 , 1.561266 , 8.250000 , 26, 4.000000 , 2.981787, 1.728483 ;
6 , 5.180593 , 8.339367 , 26, 4.018182 , 3.344524, 1.728483 ;
0 , 1.426057 , 7.653846 , 26, 3.781818 , 2.403529, 1.099944 ;
9 , 2.785661 , 6.832512 , 25, 3.625000 , 2.042753, 0.785674 ;
0 , 1.123061 , 7.747619 , 26, 3.818182 , 3.387214, 1.099944 ;
0 , 0.875060 , 7.169231 , 27, 3.611111 , 4.380540, 0.666667 ;
0 , 0.684026 , 5.675000 , 33, 2.500000 , 2.813398, 1.054093 ;
0 , 0.190016 , 5.407407 , 34, 2.297872 , 2.965607, 0.916246 ;
0 , 1.241053 , 7.814159 , 24, 3.964912 , 3.902248, 0.942809 ;
5 , 6.242884 , 7.691244 , 26, 3.945455 , 3.852777, 1.099944 ;
2 , 1.583088 , 7.671296 , 25, 3.857143 , 3.132997, 0.916246 ;
1 , 0.576055 , 7.722222 , 25, 3.857143 , 3.545614, 0.785674 ;
0 , 1.052056 , 7.336842 , 27, 3.518518 , 4.238259, 1.154701 ;
0 , 0.261016 , 5.000000 , 34, 2.212766 , 2.461031, 0.628539 ;
1 , 0.742062 , 7.513889 , 24, 3.789474 , 2.939711, 0.471405 ;
1 , 0.902056 , 7.398010 , 26, 3.654546 , 3.273820, 1.286204 ;
4 , 1.199084 , 7.374384 , 26, 3.690909 , 3.317410, 0.566558 ;
5 , 4.347665 , 7.690678 , 23, 4.068965 , 2.435610, 0.684935 ;
4 , 3.402812 , 7.547170 , 26, 3.854545 , 3.193696, 1.196703 ;
8 , 2.254351 , 7.963801 , 26, 4.018182 , 3.344703, 1.448712 ;
9 , 1.191185 , 7.836820 , 23, 4.120690 , 2.013318, 0.955814 ;
7 , 0.621926 , 7.950673 , 26, 4.054545 , 3.344703, 1.286204 ;
9 , 5.223969 , 7.504310 , 23, 4.000000 , 1.949622, 0.496904 ;
5 , 1.077099 , 7.682927 , 26, 3.727273 , 3.074778, 1.099944 ;
0 , 0.153017 , 5.125000 , 32, 2.285714 , 3.007754, 0.831479 ;
0 , 0.778063 , 7.897675 , 26, 3.909091 , 3.756018, 1.196703 ;
1 , 1.234076 , 8.247619 , 26, 3.818182 , 3.522449, 1.594744 ;
0 , 0.852052 , 6.974093 , 26, 3.509091 , 3.065401, 0.566558 ;
7 , 4.578541 , 7.216981 , 25, 3.785714 , 3.079763, 0.785674 ;
2 , 0.850160 , 7.757143 , 26, 3.818182 , 3.357797, 1.099944 ;
1 , 1.392052 , 7.614286 , 25, 3.750000 , 3.860490, 1.030402 ;
0 , 0.875062 , 7.348039 , 26, 3.709091 , 3.387214, 1.099944 ;
1 , 0.881092 , 9.550161 , 17, 4.828125 , 2.040613, 0.993808 ;
0 , 0.213013 , 5.211009 , 33, 2.270833 , 3.671657, 0.666667 ;
1 , 1.098071 , 7.433497 , 26, 3.690909 , 3.648599, 0.993808 ;
2 , 1.187078 , 7.142857 , 26, 3.563636 , 2.946483, 0.874890 ;
0 , 0.298016 , 4.971154 , 34, 2.212766 , 3.276623, 0.628539 ;
0 , 1.240065 , 7.281915 , 27, 3.481482 , 2.924682, 1.333333 ;
1 , 1.226055 , 7.241206 , 26, 3.618182 , 2.385863, 1.286204 ;
1 , 1.020051 , 7.600000 , 27, 3.796296 , 3.252210, 1.154701 ;
0 , 1.802083 , 9.699029 , 17, 4.828125 , 2.040613, 0.993808 ;
0 , 1.716081 , 9.629508 , 17, 4.765625 , 2.008005, 0.993808 ;
1 , 1.034063 , 7.469388 , 27, 3.629630 , 3.363494, 1.333333 ;
0 , 0.187016 , 5.269231 , 35, 2.260870 , 3.745359, 0.737028 ;
3 , 1.212066 , 7.944186 , 25, 3.839286 , 2.835035, 1.227262 ;
1 , 0.508079 , 6.898396 , 27, 3.462963 , 2.747547, 0.816497 ;
7 , 2.052428 , 7.801653 , 22, 4.101695 , 2.201349, 0.684935 ;
5 , 3.495278 , 7.793859 , 25, 4.071429 , 2.461031, 1.030402 ;
7 , 6.575318 , 7.502242 , 25, 3.982143 , 2.117660, 0.785674 ;
7 , 2.393588 , 7.319445 , 25, 3.857143 , 1.672818, 0.785674 ;
1 , 1.104053 , 8.008811 , 24, 3.982456 , 3.892632, 0.666667 ;
0 , 0.909050 , 7.853881 , 25, 3.910714 , 4.820589, 0.785674 ;
1 , 1.542081 , 7.695853 , 24, 3.807018 , 3.117808, 0.816497 ;
2 , 1.035050 , 7.990741 , 25, 3.857143 , 3.608403, 1.030402 ;
0 , 0.454021 , 5.320755 , 34, 2.255319 , 3.860490, 0.628539 ;
1 , 0.575057 , 6.796703 , 27, 3.370370 , 3.151602, 0.666667 ;
0 , 0.992052 , 7.443902 , 25, 3.660714 , 3.018841, 0.785674 ;
0 , 0.779063 , 7.025510 , 26, 3.563636 , 2.435256, 0.737028 ;
0 , 1.160054 , 7.623116 , 27, 3.685185 , 4.167979, 1.054093 ;
2 , 1.086070 , 7.964286 , 24, 3.929825 , 3.376330, 1.154701 ;
2 , 1.395087 , 7.950893 , 24, 3.929825 , 2.966327, 0.942809 ;
5 , 2.376781 , 8.179487 , 24, 4.105263 , 3.642735, 1.414214 ;
0 , 1.232079 , 9.605769 , 17, 4.875000 , 1.617855, 0.993808 ;
5 , 3.266959 , 7.647577 , 24, 3.982456 , 1.885618, 0.816497 ;
0 , 1.126038 , 7.537688 , 26, 3.618182 , 3.803491, 0.874890 ;
5 , 5.082800 , 7.824324 , 26, 4.036364 , 3.065401, 1.369870 ;
0 , 0.173014 , 5.059406 , 35, 2.195652 , 2.849723, 0.566558 ;
1 , 1.033097 , 7.594203 , 26, 3.763636 , 2.952706, 1.196703 ;
0 , 1.113085 , 8.976431 , 17, 4.640625 , 1.788325, 0.566558 ;
0 , 0.998060 , 7.738532 , 24, 3.824561 , 3.125898, 0.666667 ;
1 , 1.071056 , 7.651961 , 26, 3.709091 , 3.582851, 1.099944 ;
0 , 1.018046 , 7.485148 , 26, 3.672727 , 3.993292, 0.874890 ;
0 , 1.074053 , 7.565854 , 26, 3.727273 , 3.379956, 1.196703 ;
0 , 0.565019 , 5.293578 , 34, 2.319149 , 3.229136, 0.785674 ;
0 , 0.826070 , 7.863207 , 26, 3.854545 , 4.104785, 1.196703 ;
0 , 0.403019 , 5.575221 , 34, 2.404255 , 3.637573, 1.030402 ;
4 , 6.468805 , 7.565217 , 23, 3.965517 , 2.773493, 0.831479 ;
2 , 1.351066 , 7.666667 , 26, 3.763636 , 3.254314, 1.196703 ;
0 , 0.887055 , 7.345361 , 27, 3.592592 , 4.051506, 0.666667 ;
7 , 0.956179 , 6.829268 , 24, 3.596491 , 1.609476, 0.471404 ;
1 , 0.604070 , 7.580952 , 26, 3.818182 , 3.171537, 0.874890 ;
0 , 1.044052 , 8.196507 , 24, 4.017544 , 2.568914, 1.154701 ;
1 , 0.775053 , 7.843318 , 25, 3.875000 , 3.478202, 1.030402 ;
0 , 0.625014 , 5.768518 , 34, 2.297872 , 3.375489, 0.415740 ;
0 , 0.819054 , 7.851163 , 25, 3.839286 , 3.306547, 0.916246 ;
9 , 3.715108 , 7.613043 , 23, 3.965517 , 1.866774, 0.684935 ;
0 , 0.776062 , 7.427885 , 25, 3.714286 , 2.965607, 0.785674 ;
1 , 0.237096 , 7.296483 , 26, 3.618182 , 3.065401, 0.874890 ;
4 , 1.506104 , 7.285714 , 27, 3.629630 , 2.149830, 1.414214 ;
3 , 1.175092 , 7.922705 , 27, 3.833333 , 4.710727, 1.154701 ;
1 , 0.668079 , 7.531100 , 25, 3.732143 , 3.741731, 0.628539 ;
1 , 1.195129 , 7.558685 , 24, 3.736842 , 2.730382, 0.816497 ;
2 , 1.023111 , 7.145729 , 26, 3.618182 , 2.808621, 0.874890 ;
0 , 1.140061 , 7.627451 , 26, 3.709091 , 3.931619, 0.874890 ;
0 , 0.250011 , 5.306306 , 34, 2.361702 , 3.130761, 0.628539 ;
1 , 0.608081 , 7.165000 , 26, 3.636364 , 3.065401, 0.874890 ;
1 , 1.116066 , 7.304124 , 27, 3.592592 , 3.730503, 0.942809 ;
0 , 1.007050 , 8.004587 , 25, 3.892857 , 3.343293, 1.133116 ;
8 , 1.479102 , 7.129630 , 23, 3.724138 , 1.866774, 0.684935 ;
2 , 1.080053 , 7.320197 , 25, 3.625000 , 3.016604, 0.785674 ;
0 , 1.074050 , 7.465346 , 26, 3.672727 , 3.476715, 0.874890 ;
5 , 1.223185 , 7.493151 , 25, 3.910714 , 2.461031, 0.785674 ;
1 , 1.069070 , 7.611650 , 26, 3.745455 , 2.981787, 0.993808 ;
2 , 1.541051 , 7.582524 , 26, 3.745455 , 3.713990, 0.993808 ;
0 , 1.038061 , 7.673077 , 25, 3.714286 , 3.147176, 0.785674 ;
2 , 1.133066 , 7.197969 , 26, 3.581818 , 3.728724, 0.874890 ;
0 , 1.048048 , 7.261307 , 26, 3.618182 , 3.068800, 0.737028 ;
0 , 0.488021 , 5.487395 , 34, 2.531915 , 3.741732, 0.628539 ;
0 , 0.746074 , 8.209524 , 27, 3.888889 , 4.152144, 1.414214 ;
0 , 0.840058 , 7.804651 , 25, 3.839286 , 3.132997, 0.916246 ;
0 , 0.455053 , 7.418719 , 26, 3.690909 , 2.743587, 1.099944 ;
0 , 1.369053 , 7.748792 , 26, 3.763636 , 3.959606, 1.099944 ;
5 , 2.889486 , 7.470086 , 22, 3.966102 , 2.013318, 0.496904 ;
1 , 1.179044 , 7.163265 , 26, 3.563636 , 3.065401, 0.737028 ;
3 , 0.589076 , 7.403941 , 26, 3.690909 , 3.357797, 1.196703 ;
6 , 1.502547 , 7.579399 , 23, 4.017241 , 2.347893, 0.684935 ;
0 , 0.910052 , 7.990521 , 26, 3.836364 , 4.025944, 1.196703 ;
3 , 0.968102 , 7.000000 , 25, 3.553571 , 3.146052, 0.628539 ;
9 , 4.888516 , 7.649770 , 26, 3.945455 , 3.498312, 1.196703 ;
3 , 8.663781 , 8.092000 , 22, 4.237288 , 2.582155, 1.065740 ;
5 , 5.299182 , 7.553488 , 26, 3.909091 , 2.930236, 1.099944 ;
3 , 0.062223 , 7.270408 , 27, 3.629630 , 3.441519, 1.054093 ;
0 , 1.211049 , 7.995536 , 24, 3.929825 , 3.971197, 0.942809 ;
1 , 1.185084 , 7.866029 , 26, 3.800000 , 3.476716, 1.286204 ;
3 , 0.854065 , 7.295918 , 27, 3.629630 , 3.434061, 1.054093 ;
1 , 0.477077 , 7.536232 , 25, 3.696429 , 3.574414, 0.785674 ;
0 , 0.997069 , 7.845794 , 25, 3.821429 , 3.182477, 1.133116 ;
0 , 1.108066 , 7.276190 , 24, 3.684211 , 2.828427, 0.666667 ;
4 , 0.705081 , 7.733645 , 25, 3.821429 , 2.862893, 1.133116 ;
2 , 0.831072 , 7.478673 , 24, 3.701754 , 2.813398, 0.942809 ;
0 , 0.247013 , 5.059406 , 34, 2.148936 , 2.487594, 0.628539 ;
8 , 9.735016 , 7.879464 , 26, 4.072727 , 3.436328, 1.196703 ;
8 , 1.838194 , 7.277778 , 25, 3.857143 , 2.601750, 0.785674 ;
5 , 1.205068 , 9.443366 , 17, 4.828125 , 2.743587, 0.737028 ;
3 , 0.568077 , 7.685279 , 28, 3.716981 , 4.413326, 1.369870 ;
7 , 0.695119 , 6.936893 , 25, 3.678571 , 1.460019, 0.916246 ;
9 , 3.171501 , 7.478448 , 22, 3.932203 , 2.604755, 0.684935 ;
7 , 2.420351 , 7.657407 , 26, 3.927273 , 2.670759, 1.196703 ;
7 , 1.292227 , 7.700855 , 23, 4.034483 , 2.347893, 0.684935 ;
1 , 1.608082 , 7.636364 , 27, 3.666667 , 3.154701, 1.333333 ;
0 , 0.982045 , 7.681818 , 24, 3.859649 , 3.125898, 0.816497 ;
1 , 1.212063 , 7.694064 , 24, 3.842105 , 2.924682, 0.816497 ;
2 , 1.227123 , 7.292079 , 26, 3.672727 , 2.316337, 1.099944 ;
1 , 1.448071 , 7.711628 , 25, 3.839286 , 3.572349, 0.916246 ;
1 , 0.947074 , 7.392344 , 25, 3.732143 , 2.601750, 0.785674 ;
6 , 0.944058 , 8.237885 , 26, 4.127273 , 3.958422, 1.448712 ;
1 , 1.016072 , 7.694445 , 24, 3.789474 , 3.068586, 1.054093 ;
1 , 0.714077 , 8.489879 , 23, 4.258621 , 3.378236, 0.955814 ;
6 , 17.285105 , 8.026432 , 25, 4.053571 , 3.043339, 1.474056 ;
1 , 0.646071 , 7.671233 , 24, 3.842105 , 2.774852, 0.816497 ;
0 , 0.649054 , 7.081633 , 26, 3.563636 , 2.886678, 0.566558 ;
1 , 1.399083 , 7.335079 , 27, 3.537037 , 3.660982, 1.154701 ;
5 , 2.361064 , 7.687783 , 24, 3.877193 , 2.764176, 0.666667 ;
1 , 0.830047 , 7.005319 , 27, 3.481482 , 3.023689, 0.942809 ;
8 , 3.351590 , 6.911765 , 25, 3.642857 , 2.042753, 0.785674 ;
0 , 0.553029 , 5.302752 , 34, 2.319149 , 3.276623, 0.916246 ;
7 , 2.297062 , 7.082901 , 27, 3.574074 , 3.713302, 0.666667 ;
0 , 0.184020 , 4.902913 , 33, 2.145833 , 2.702115, 0.471404 ;
0 , 0.750066 , 7.546729 , 24, 3.754386 , 2.449490, 0.942809 ;
0 , 0.961050 , 7.914692 , 27, 3.907408 , 4.563673, 1.247219 ;
9 , 13.453362 , 7.950450 , 26, 4.036364 , 2.724644, 1.523479 ;
2 , 8.257162 , 7.995516 , 26, 4.054545 , 2.830780, 1.523479 ;
0 , 1.187065 , 7.490291 , 25, 3.678571 , 3.193920, 1.030402 ;
1 , 1.427067 , 7.497630 , 25, 3.767857 , 2.792057, 1.030402 ;
2 , 1.032085 , 7.309179 , 25, 3.696429 , 2.571763, 0.785674 ;
2 , 1.219103 , 7.433333 , 25, 3.750000 , 2.988917, 1.030402 ;
0 , 0.585018 , 5.456897 , 33, 2.416667 , 3.304530, 0.471405 ;
2 , 0.593076 , 7.046392 , 26, 3.527273 , 3.154902, 0.874890 ;
0 , 1.101041 , 7.086295 , 26, 3.581818 , 4.102139, 0.314270 ;
7 , 1.033360 , 7.109524 , 24, 3.684211 , 2.000000, 0.816497 ;
0 , 1.197058 , 7.220513 , 26, 3.545455 , 3.560381, 0.737028 ;
0 , 0.655057 , 7.675926 , 25, 3.857143 , 3.043339, 0.785674 ;
1 , 1.098065 , 7.446078 , 26, 3.709091 , 2.724644, 1.099944 ;
8 , 4.403450 , 7.598290 , 22, 3.966102 , 2.626949, 0.684935 ;
2 , 0.744066 , 7.223350 , 26, 3.581818 , 3.268296, 0.737028 ;
0 , 0.878041 , 7.328283 , 26, 3.600000 , 3.891231, 0.737028 ;
6 , 1.353167 , 7.139304 , 26, 3.654546 , 2.605726, 0.737028 ;
8 , 4.879234 , 7.784483 , 24, 4.070176 , 2.425972, 0.816497 ;
6 , 1.393073 , 7.553991 , 25, 3.803571 , 2.842787, 0.785674 ;
1 , 0.947060 , 7.551547 , 27, 3.592592 , 2.357023, 1.247219 ;
4 , 1.012086 , 7.502347 , 25, 3.803571 , 3.233474, 1.030402 ;
9 , 1.404069 , 7.739496 , 22, 4.033898 , 2.284197, 0.684935 ;
5 , 6.367616 , 7.690987 , 23, 4.017241 , 2.853034, 0.684935 ;
2 , 0.895083 , 8.146018 , 24, 3.964912 , 3.902248, 0.942809 ;
0 , 0.865091 , 9.334426 , 17, 4.765625 , 2.605726, 0.566558 ;
5 , 0.984072 , 7.513514 , 24, 3.894737 , 3.068586, 0.942809 ;
7 , 3.568792 , 7.504464 , 24, 3.929825 , 2.579590, 0.816497 ;
4 , 4.063310 , 7.497758 , 24, 3.912281 , 2.663568, 0.816497 ;
6 , 5.000465 , 7.943548 , 21, 4.133333 , 2.425972, 0.471404 ;
0 , 0.744060 , 7.040816 , 25, 3.500000 , 2.846478, 0.628539 ;
5 , 3.198347 , 8.077586 , 24, 4.070176 , 2.537256, 1.414214 ;
6 , 3.963565 , 8.174468 , 24, 4.122807 , 2.787694, 1.414214 ;
1 , 1.434068 , 8.146443 , 23, 4.120690 , 3.254189, 0.831479 ;
2 , 1.271088 , 7.333333 , 26, 3.654546 , 3.154902, 0.874890 ;
0 , 1.094056 , 7.759434 , 25, 3.785714 , 3.560535, 0.916246 ;
4 , 0.642064 , 8.056277 , 25, 4.125000 , 3.762485, 1.227262 ;
0 , 0.972057 , 7.388350 , 26, 3.745455 , 3.193696, 0.737028 ;
0 , 1.043064 , 7.400000 , 25, 3.750000 , 2.859469, 0.628539 ;
1 , 1.362056 , 7.173684 , 27, 3.518518 , 2.813398, 0.942809 ;
0 , 0.951067 , 7.227723 , 25, 3.607143 , 2.732322, 0.785674 ;
2 , 0.649087 , 7.460000 , 27, 3.703704 , 3.821367, 0.942809 ;
0 , 0.795064 , 7.739130 , 26, 3.763636 , 3.379956, 1.196703 ;
0 , 0.735067 , 7.705357 , 24, 3.929825 , 3.211471, 0.666667 ;
4 , 4.090717 , 7.033333 , 24, 3.684211 , 1.804738, 0.816497 ;
1 , 0.684059 , 7.604878 , 26, 3.727273 , 3.436328, 0.993808 ;
0 , 1.100050 , 7.214286 , 25, 3.500000 , 3.182477, 0.785674 ;
0 , 0.176011 , 5.570094 , 35, 2.326087 , 3.133131, 0.993808 ;
2 , 1.449069 , 7.164179 , 25, 3.589286 , 2.177394, 0.785674 ;
0 , 0.807060 , 7.293815 , 27, 3.592592 , 4.015770, 0.942809 ;
1 , 1.030074 , 7.566138 , 29, 3.634615 , 4.247171, 1.474056 ;
0 , 0.940071 , 7.882096 , 23, 3.948276 , 3.192839, 0.684935 ;
1 , 1.408068 , 7.612745 , 26, 3.709091 , 3.303601, 1.099944 ;
1 , 1.046075 , 7.076142 , 26, 3.581818 , 2.040613, 1.099944 ;
6 , 1.302139 , 7.513274 , 24, 3.964912 , 2.149830, 0.666667 ;
1 , 0.814075 , 7.706731 , 26, 3.781818 , 3.648599, 1.099944 ;
1 , 0.759069 , 7.758454 , 26, 3.763636 , 2.830780, 1.196703 ;
7 , 0.247735 , 8.139240 , 23, 4.086207 , 2.853034, 1.257079 ;
0 , 0.471021 , 5.714286 , 34, 2.531915 , 2.662081, 0.916246 ;
3 , 0.915065 , 8.000000 , 27, 3.685185 , 3.892632, 1.154701 ;
0 , 1.077054 , 7.731707 , 26, 3.727273 , 2.862506, 1.196703 ;
0 , 0.767054 , 7.638095 , 26, 3.818182 , 3.138966, 0.874890 ;
0 , 1.426058 , 7.560000 , 26, 3.636364 , 3.154902, 0.993808 ;
0 , 0.879054 , 8.127273 , 24, 3.859649 , 2.702115, 1.333333 ;
0 , 1.510066 , 7.247475 , 26, 3.600000 , 2.898122, 0.737028 ;
1 , 1.734077 , 9.174917 , 17, 4.734375 , 2.008005, 0.566558 ;
9 , 2.419623 , 6.418848 , 25, 3.410714 , 1.960525, 0.628539 ;
0 , 0.696061 , 7.940092 , 25, 3.875000 , 3.076339, 1.133115 ;
4 , 1.141106 , 7.283582 , 27, 3.722222 , 3.464102, 0.816497 ;
0 , 1.000068 , 7.685446 , 25, 3.803571 , 2.835035, 0.916246 ;
0 , 0.875064 , 7.768116 , 26, 3.763636 , 2.849724, 1.286204 ;
0 , 0.975055 , 7.634146 , 26, 3.727273 , 2.467863, 1.286204 ;
3 , 1.035073 , 8.324786 , 24, 4.105263 , 2.973875, 1.414214 ;
1 , 0.617081 , 6.983696 , 28, 3.471698 , 3.756018, 0.874890 ;
1 , 1.062078 , 7.207921 , 26, 3.672727 , 2.849723, 0.737028 ;
1 , 0.505072 , 7.458537 , 25, 3.660714 , 3.446006, 1.030402 ;
0 , 1.166066 , 7.618091 , 27, 3.685185 , 3.487614, 1.054093 ;
0 , 0.562046 , 7.650718 , 25, 3.732143 , 3.276623, 0.916246 ;
3 , 0.330154 , 7.118556 , 26, 3.527273 , 2.981424, 0.737028 ;
0 , 0.639053 , 8.014085 , 26, 3.872727 , 3.582851, 0.993808 ;
0 , 0.464046 , 7.280000 , 26, 3.636364 , 3.238568, 0.874890 ;
3 , 6.767227 , 8.714286 , 23, 4.344828 , 2.853034, 1.342561 ;
5 , 12.928967 , 8.691057 , 24, 4.315790 , 2.764176, 1.563472 ;
6 , 1.999413 , 8.682540 , 23, 4.344828 , 3.005519, 1.342561 ;
4 , 2.961921 , 8.481781 , 24, 4.333333 , 3.050994, 1.563472 ;
5 , 1.632185 , 8.473684 , 24, 4.333333 , 1.954568, 1.563472 ;
4 , 1.419066 , 8.363636 , 24, 4.245614 , 2.813398, 1.414214 ;
2 , 3.781486 , 8.540000 , 23, 4.310345 , 2.853034, 1.342561 ;
2 , 8.292084 , 8.560976 , 24, 4.315790 , 2.914006, 1.563472 ;
5 , 6.303351 , 8.674797 , 24, 4.315790 , 2.764176, 1.563472 ;
6 , 4.011044 , 8.358650 , 25, 4.232143 , 3.343293, 1.547599 ;
6 , 6.166022 , 8.559184 , 24, 4.298245 , 2.637864, 1.563472 ;
0 , 0.915058 , 7.176471 , 25, 3.642857 , 3.132997, 0.628539 ;
1 , 0.599077 , 7.480769 , 25, 3.714286 , 3.043339, 1.133115 ;
0 , 1.288057 , 7.779904 , 26, 3.800000 , 3.358006, 1.099944 ;
0 , 1.087057 , 7.398990 , 27, 3.666667 , 3.908466, 0.816497 ;
1 , 1.031060 , 7.626728 , 24, 3.807018 , 3.344729, 0.666667 ;
9 , 0.757014 , 7.442923 , 25, 3.910714 , 2.575187, 0.785674 ;
0 , 1.279060 , 7.959091 , 25, 3.928571 , 3.731720, 1.030402 ;
5 , 7.891211 , 8.425340 , 26, 4.018182 , 3.918525, 1.662959 ;
9 , 2.744340 , 7.214286 , 25, 3.750000 , 2.575187, 0.916246 ;
0 , 1.365056 , 7.661905 , 26, 3.818182 , 3.325580, 1.196703 ;
0 , 0.863062 , 7.528572 , 25, 3.750000 , 3.675062, 0.785674 ;
7 , 11.571499 , 7.592275 , 23, 4.017241 , 2.137653, 0.684935 ;
3 , 2.216193 , 7.470000 , 27, 3.703704 , 2.976068, 1.154701 ;
3 , 0.560114 , 7.187817 , 26, 3.581818 , 3.566216, 0.874890 ;
0 , 0.989054 , 7.692307 , 26, 3.781818 , 4.386192, 1.099944 ;
5 , 6.090949 , 7.761261 , 25, 3.964286 , 3.296633, 1.133115 ;
0 , 0.833058 , 7.872642 , 26, 3.854545 , 3.238568, 1.286204 ;
2 , 0.815065 , 7.971154 , 26, 3.781818 , 3.803491, 1.369870 ;
2 , 1.292091 , 7.415842 , 27, 3.740741 , 3.546879, 0.816497 ;
0 , 0.309023 , 5.312500 , 33, 2.333333 , 3.125898, 0.666667 ;
1 , 1.146101 , 7.228856 , 25, 3.589286 , 3.261332, 0.785674 ;
7 , 1.272117 , 7.303483 , 26, 3.654546 , 2.927539, 1.099944 ;
4 , 0.855094 , 7.620853 , 25, 3.767857 , 4.215644, 1.227262 ;
0 , 0.620024 , 5.901639 , 34, 2.595745 , 3.740287, 1.030402 ;
2 , 0.711066 , 7.928230 , 26, 3.800000 , 2.849723, 1.369870 ;
0 , 1.092059 , 7.596330 , 24, 3.824561 , 3.040319, 0.666667 ;
7 , 2.527660 , 6.913462 , 24, 3.649123 , 1.609476, 0.816497 ;
0 , 1.099070 , 7.744186 , 24, 3.771930 , 3.483163, 0.942809 ;
0 , 1.057059 , 7.557789 , 26, 3.618182 , 3.169931, 1.196703 ;
1 , 0.554049 , 7.648515 , 26, 3.672727 , 3.582851, 0.874890 ;
0 , 0.423018 , 5.512397 , 33, 2.520833 , 3.715525, 0.666667 ;
8 , 3.099775 , 8.182572 , 24, 4.228070 , 3.134973, 1.247219 ;
1 , 1.362148 , 7.036842 , 27, 3.518518 , 3.328099, 0.666667 ;
0 , 0.708060 , 7.632075 , 25, 3.785714 , 3.229136, 0.785674 ;
7 , 12.993601 , 7.538136 , 22, 4.000000 , 3.234307, 0.496904 ;
2 , 1.630238 , 7.777251 , 25, 3.767857 , 3.173910, 1.133115 ;
5 , 1.699391 , 7.440758 , 26, 3.836364 , 2.743587, 0.874890 ;
1 , 0.663085 , 8.077625 , 25, 3.910714 , 3.644659, 1.227262 ;
0 , 0.989059 , 8.296944 , 24, 4.017544 , 3.771236, 1.247219 ;
6 , 2.689554 , 7.578948 , 24, 4.000000 , 2.000000, 0.666667 ;
0 , 1.040061 , 7.701422 , 25, 3.767857 , 3.343293, 0.916246 ;
0 , 0.919067 , 7.718894 , 24, 3.807018 , 2.702115, 1.054093 ;
0 , 1.527065 , 8.018692 , 26, 3.890909 , 4.015285, 1.448712 ;
1 , 1.771086 , 7.669811 , 25, 3.785714 , 3.276623, 1.030402 ;
0 , 1.367066 , 8.030000 , 26, 3.636364 , 3.639223, 1.448712 ;
0 , 0.903053 , 7.549763 , 24, 3.701754 , 3.404598, 0.816497 ;
0 , 1.192057 , 7.929906 , 26, 3.890909 , 3.679610, 1.099944 ;
1 , 1.093090 , 9.563107 , 17, 4.828125 , 2.605726, 0.737028 ;
0 , 0.196011 , 5.221154 , 34, 2.212766 , 3.276624, 0.916246 ;
1 , 0.642063 , 6.984293 , 27, 3.537037 , 3.040319, 0.816497 ;
0 , 1.049059 , 7.917073 , 27, 3.796296 , 4.051836, 1.333333 ;
9 , 1.644227 , 6.980583 , 25, 3.678571 , 1.885618, 0.785674 ;
0 , 1.384056 , 7.680555 , 25, 3.857143 , 2.559248, 0.916246 ;
0 , 0.522026 , 5.678261 , 33, 2.395833 , 2.897377, 0.942809 ;
2 , 1.375068 , 9.628205 , 17, 4.875000 , 2.316337, 0.874890 ;
4 , 5.542387 , 6.971564 , 24, 3.701754 , 1.609476, 0.666667 ;
2 , 0.892055 , 7.371728 , 28, 3.603774 , 3.582360, 1.196703 ;
0 , 0.292021 , 5.229358 , 34, 2.319149 , 3.158300, 0.628539 ;
1 , 1.154058 , 7.596154 , 25, 3.714286 , 4.020553, 0.916246 ;
0 , 0.913050 , 7.656716 , 26, 3.654546 , 3.193696, 1.196703 ;
9 , 2.308195 , 7.380282 , 26, 3.872727 , 2.040613, 0.874890 ;
1 , 0.482059 , 7.594340 , 25, 3.785714 , 3.175975, 0.785674 ;
7 , 11.203293 , 7.219626 , 25, 3.821429 , 1.829953, 0.916246 ;
0 , 1.074056 , 7.440000 , 26, 3.636364 , 3.583428, 0.874890 ;
1 , 1.184089 , 7.223881 , 25, 3.589286 , 3.182477, 0.916246 ;
0 , 0.474018 , 5.284404 , 34, 2.319149 , 3.173910, 0.415740 ;
0 , 0.665061 , 7.665072 , 25, 3.732143 , 2.835035, 0.785674 ;
6 , 1.404147 , 7.313084 , 25, 3.821429 , 2.618165, 1.030402 ;
5 , 1.303128 , 7.532467 , 23, 3.982759 , 2.325684, 0.684935 ;
0 , 0.967063 , 7.431280 , 24, 3.701754 , 3.025290, 0.666667 ;
0 , 0.133018 , 5.168224 , 34, 2.276596 , 3.079763, 0.628539 ;
1 , 1.029077 , 7.839622 , 25, 3.785714 , 3.051905, 1.314685 ;
0 , 1.165057 , 7.453608 , 27, 3.592592 , 3.523361, 0.942809 ;
1 , 1.741099 , 7.550505 , 27, 3.666667 , 3.996993, 1.154701 ;
2 , 0.625053 , 7.328502 , 25, 3.696429 , 2.575187, 0.628539 ;
0 , 1.408051 , 7.848341 , 26, 3.836364 , 3.649882, 1.286204 ;
5 , 2.665292 , 7.378505 , 25, 3.821429 , 2.444616, 1.030402 ;
2 , 1.047115 , 7.331707 , 26, 3.727273 , 2.711861, 0.874890 ;
0 , 1.075042 , 7.235577 , 24, 3.649123 , 3.244121, 0.666667 ;
0 , 0.984041 , 7.435000 , 27, 3.703704 , 3.847735, 0.816497 ;
8 , 7.293339 , 7.613333 , 25, 4.017857 , 1.885618, 1.314685 ;
0 , 1.118049 , 7.630137 , 24, 3.842105 , 2.942809, 0.816497 ;
6 , 3.428617 , 6.970443 , 26, 3.690909 , 2.040613, 1.099944 ;
6 , 5.262453 , 7.471111 , 24, 3.947368 , 2.924682, 0.666667 ;
0 , 1.387058 , 7.538462 , 25, 3.714286 , 2.988917, 0.785674 ;
0 , 0.978066 , 8.279280 , 25, 3.964286 , 3.650194, 1.133115 ;
0 , 0.460016 , 5.745614 , 34, 2.425532 , 4.016002, 0.785674 ;
1 , 1.319051 , 7.450495 , 25, 3.607143 , 3.146052, 0.785674 ;
1 , 0.814075 , 7.169231 , 26, 3.545455 , 3.769111, 0.566558 ;
0 , 1.344052 , 7.526316 , 25, 3.732143 , 3.390780, 0.916246 ;
1 , 1.081079 , 7.990868 , 25, 3.910714 , 2.835035, 1.396645 ;
4 , 0.877090 , 7.577670 , 26, 3.745455 , 3.344524, 1.196703 ;
1 , 1.309073 , 8.018604 , 25, 3.839286 , 3.675062, 1.227262 ;
0 , 0.604030 , 5.831933 , 33, 2.479167 , 3.548531, 0.942809 ;
1 , 1.238110 , 7.435644 , 26, 3.672727 , 2.660310, 0.874890 ;
0 , 0.454020 , 5.138889 , 33, 2.250000 , 2.661433, 0.942809 ;
6 , 3.262479 , 7.321101 , 25, 3.892857 , 2.173324, 0.785674 ;
0 , 0.858062 , 8.092592 , 26, 3.927273 , 3.171537, 1.286204 ;
0 , 0.093018 , 4.948979 , 35, 2.130435 , 3.130434, 0.737028 ;
1 , 1.292064 , 8.260684 , 24, 4.105263 , 3.344729, 1.154701 ;
3 , 1.072156 , 7.500000 , 25, 3.678571 , 3.667163, 0.628539 ;
7 , 7.978446 , 7.995727 , 24, 4.105263 , 2.764176, 1.054093 ;
1 , 0.999063 , 7.611650 , 26, 3.745455 , 3.530964, 1.099944 ;
1 , 1.104035 , 7.142857 , 26, 3.436364 , 2.541391, 0.993808 ;
1 , 0.774085 , 7.584541 , 26, 3.763636 , 3.009077, 1.099944 ;
4 , 6.474332 , 7.734783 , 24, 4.035088 , 2.299660, 0.666667 ;
0 , 1.009052 , 7.352941 , 25, 3.642857 , 3.130761, 0.916246 ;
0 , 0.776056 , 7.444976 , 25, 3.732143 , 3.055586, 0.785674 ;
1 , 1.030061 , 7.995434 , 25, 3.910714 , 3.458192, 1.314685 ;
2 , 1.998130 , 7.548387 , 24, 3.807018 , 3.434061, 0.816497 ;
0 , 0.773062 , 7.843903 , 26, 3.727273 , 2.830780, 1.369870 ;
0 , 1.294061 , 7.562814 , 25, 3.553571 , 2.973626, 1.133115 ;
6 , 0.912058 , 6.539773 , 28, 3.320755 , 3.560381, 0.993808 ;
0 , 1.269088 , 9.409836 , 17, 4.765625 , 2.316337, 0.737028 ;
3 , 0.987080 , 7.074866 , 28, 3.528302 , 3.387214, 0.993808 ;
1 , 0.620054 , 7.170213 , 27, 3.481482 , 3.449090, 1.054093 ;
0 , 1.205065 , 7.543689 , 25, 3.678571 , 2.862893, 0.916246 ;
8 , 4.516185 , 7.037736 , 24, 3.719298 , 1.414214, 0.471404 ;
1 , 0.548076 , 7.717073 , 27, 3.796296 , 3.978746, 1.054093 ;
0 , 1.006053 , 7.521951 , 26, 3.727273 , 3.155110, 1.286204 ;
0 , 1.015058 , 7.313131 , 26, 3.600000 , 3.087560, 1.196703 ;
7 , 4.529588 , 7.080569 , 24, 3.701754 , 1.609476, 0.942809 ;
5 , 3.794925 , 7.095238 , 24, 3.684211 , 1.954568, 0.816497 ;
2 , 0.462094 , 7.440191 , 25, 3.732143 , 2.810859, 0.916246 ;
1 , 0.857084 , 7.762136 , 26, 3.745455 , 3.820126, 1.099944 ;
1 , 0.995073 , 7.279188 , 26, 3.581818 , 3.476767, 0.993808 ;
8 , 5.217224 , 7.787879 , 23, 3.982759 , 2.706489, 0.955814 ;
5 , 1.074080 , 7.241025 , 27, 3.611111 , 3.151602, 1.154701 ;
0 , 1.740100 , 6.972528 , 27, 3.370370 , 3.068586, 0.942809 ;
0 , 0.884059 , 7.371981 , 25, 3.696429 , 3.229136, 0.785674 ;
9 , 0.461063 , 8.137339 , 24, 4.087719 , 3.827772, 1.247219 ;
5 , 1.427118 , 8.029411 , 23, 4.103448 , 2.962960, 1.065740 ;
8 , 7.514452 , 7.721239 , 24, 3.964912 , 3.634645, 0.942809 ;
0 , 0.309021 , 5.348624 , 34, 2.319149 , 2.977050, 0.415740 ;
9 , 3.749826 , 7.236111 , 24, 3.789474 , 2.637864, 0.666667 ;
0 , 1.089061 , 7.338308 , 26, 3.654546 , 3.179547, 0.874890 ;
0 , 0.844054 , 7.420000 , 26, 3.636364 , 3.942971, 0.993808 ;
6 , 4.447611 , 8.013333 , 26, 4.090909 , 2.808621, 1.448712 ;
8 , 3.413635 , 7.972727 , 26, 4.000000 , 2.927539, 1.523479 ;
7 , -0.357349 , 7.991111 , 26, 4.090909 , 2.435256, 1.448712 ;
8 , 8.297481 , 8.008811 , 26, 4.127273 , 2.862506, 1.448712 ;
9 , 2.772366 , 8.008811 , 26, 4.127273 , 2.486807, 1.523479 ;
7 , 3.762936 , 7.959091 , 26, 4.000000 , 2.808621, 1.523479 ;
8 , 7.001829 , 8.083700 , 26, 4.127273 , 2.348945, 1.523479 ;
6 , 11.196832 , 7.986301 , 26, 3.981818 , 2.898122, 1.523479 ;
7 , 12.509992 , 8.107142 , 26, 4.072727 , 3.123176, 1.523479 ;
6 , 4.142835 , 7.835617 , 26, 3.981818 , 2.316337, 1.523479 ;
5 , 0.978088 , 8.088495 , 26, 4.109091 , 2.927539, 1.523479 ;
8 , 7.242432 , 8.017621 , 26, 4.127273 , 2.624669, 1.523479 ;
5 , 2.432401 , 7.509174 , 25, 3.892857 , 1.960525, 0.785674 ;
0 , 0.976069 , 7.814480 , 24, 3.877193 , 2.537256, 0.942809 ;
4 , 2.242177 , 7.707424 , 24, 4.017544 , 1.954568, 0.816497 ;
5 , 3.148863 , 8.122363 , 24, 4.157895 , 3.556620, 1.247219 ;
4 , 4.189928 , 7.675926 , 26, 3.927273 , 3.614629, 1.448712 ;
1 , 0.573263 , 6.962963 , 27, 3.500000 , 3.325778, 0.471405 ;
2 , 1.222094 , 7.545455 , 25, 3.732143 , 3.147176, 0.916246 ;
2 , 1.185060 , 7.880734 , 25, 3.892857 , 2.641476, 1.133116 ;
0 , 1.015056 , 7.315790 , 27, 3.518518 , 3.363494, 1.154701 ;
0 , 0.911064 , 7.625592 , 25, 3.767857 , 4.062670, 0.785674 ;
1 , 1.242077 , 7.255208 , 27, 3.555556 , 4.258015, 0.942809 ;
3 , 0.424180 , 7.591549 , 26, 3.872727 , 2.808621, 0.993808 ;
0 , 1.319053 , 7.626794 , 25, 3.732143 , 4.020553, 0.628539 ;
0 , 1.195043 , 7.393783 , 27, 3.574074 , 3.564044, 0.942809 ;
0 , 0.923066 , 7.921659 , 25, 3.875000 , 2.792057, 1.133116 ;
6 , 14.227179 , 7.709091 , 26, 4.000000 , 3.649882, 1.099944 ;
1 , 1.053067 , 7.884259 , 24, 3.789474 , 2.764176, 1.154701 ;
8 , 9.153536 , 7.301370 , 24, 3.842105 , 1.414214, 0.666667 ;
2 , 0.401128 , 7.201005 , 26, 3.618182 , 2.757069, 0.874890 ;
0 , 0.796054 , 7.159794 , 26, 3.527273 , 2.997534, 0.874890 ;
0 , 0.600071 , 6.877660 , 25, 3.357143 , 2.835035, 0.628539 ;
2 , 0.902089 , 7.402913 , 25, 3.678571 , 2.547329, 0.916246 ;
0 , 1.034060 , 7.731132 , 25, 3.785714 , 3.261332, 1.133116 ;
1 , 0.657057 , 7.968469 , 24, 3.894737 , 3.430843, 0.816497 ;
0 , 0.998057 , 7.792453 , 25, 3.785714 , 3.975685, 1.030402 ;
8 , 2.411555 , 7.452489 , 25, 3.946429 , 2.287481, 0.785674 ;
4 , 1.352133 , 7.103093 , 27, 3.592592 , 3.563472, 0.666667 ;
7 , 0.567218 , 7.134328 , 25, 3.589286 , 2.977050, 0.785674 ;
7 , 6.192390 , 7.928889 , 26, 4.090909 , 3.396591, 1.448712 ;
0 , 1.231051 , 8.018518 , 25, 3.857143 , 4.072327, 1.030402 ;
5 , 2.015245 , 8.521367 , 25, 4.178571 , 3.290132, 1.617802 ;
5 , 1.203112 , 8.462882 , 25, 4.089286 , 3.146052, 1.617802 ;
6 , 11.160063 , 8.555066 , 26, 4.127273 , 3.560381, 1.791613 ;
5 , 6.520573 , 8.568966 , 25, 4.142857 , 3.587640, 1.617802 ;
5 , -1.549381 , 8.504464 , 26, 4.072727 , 3.688496, 1.791613 ;
0 , 0.916063 , 7.464789 , 24, 3.736842 , 3.125898, 0.816497 ;
6 , 2.833528 , 8.426229 , 24, 4.280702 , 3.006525, 1.333333 ;
0 , 0.896062 , 8.148149 , 25, 3.857143 , 3.173910, 1.227262 ;
2 , 0.769059 , 7.526042 , 28, 3.622642 , 3.463442, 1.369870 ;
0 , 0.145008 , 5.372727 , 34, 2.340425 , 3.364046, 0.628539 ;
8 , 12.880856 , 8.408334 , 24, 4.210526 , 3.355404, 1.414214 ;
3 , 1.137093 , 7.557693 , 25, 3.714286 , 3.043339, 1.030402 ;
0 , 1.188056 , 7.864486 , 25, 3.821429 , 3.415043, 1.133115 ;
0 , 1.085062 , 7.711009 , 24, 3.824561 , 2.914006, 1.054093 ;
0 , 0.991066 , 7.398104 , 25, 3.767857 , 3.834433, 0.628539 ;
7 , 4.256209 , 7.599057 , 26, 3.854545 , 3.486092, 1.286204 ;
1 , 0.457065 , 7.068063 , 26, 3.472727 , 2.981787, 1.099944 ;
9 , 1.445060 , 7.194445 , 24, 3.789474 , 2.537256, 0.666667 ;
1 , 0.728081 , 6.810056 , 28, 3.377358 , 3.357797, 1.099944 ;
0 , 1.050066 , 7.426471 , 25, 3.642857 , 2.810858, 1.133116 ;
4 , 7.366461 , 8.508333 , 24, 4.210526 , 3.247219, 1.490712 ;
5 , 10.470116 , 8.123405 , 24, 4.122807 , 2.425972, 1.247219 ;
6 , 3.285392 , 8.344828 , 25, 4.142857 , 2.677900, 1.685084 ;
1 , 1.148061 , 7.263959 , 26, 3.581818 , 3.379956, 0.874890 ;
3 , 1.212058 , 7.594059 , 27, 3.740741 , 3.534669, 1.247219 ;
8 , 2.602210 , 6.985366 , 25, 3.660714 , 1.960525, 0.785674 ;
0 , 1.137050 , 7.227979 , 27, 3.574074 , 3.025290, 1.154701 ;
1 , 1.002071 , 7.603961 , 26, 3.672727 , 3.566216, 1.286204 ;
1 , 0.755036 , 7.612245 , 28, 3.698113 , 3.498312, 1.369870 ;
0 , 0.943056 , 7.768868 , 26, 3.854545 , 3.648599, 0.874890 ;
0 , 0.962087 , 9.399351 , 17, 4.812500 , 2.178475, 0.737028 ;
0 , 0.907054 , 7.344498 , 25, 3.732143 , 3.523417, 0.785674 ;
6 , 0.535115 , 8.337553 , 24, 4.157895 , 2.942809, 1.414214 ;
1 , 1.226047 , 7.242718 , 24, 3.614035 , 2.764176, 0.816497 ;
6 , 4.604284 , 8.591666 , 24, 4.210526 , 3.542127, 1.563472 ;
3 , 1.505064 , 7.230000 , 25, 3.571429 , 2.484341, 0.916246 ;
0 , 0.627066 , 8.190698 , 26, 3.909091 , 4.211614, 1.286204 ;
0 , 0.343024 , 5.299066 , 34, 2.276596 , 3.375489, 0.785674 ;
0 , 1.150066 , 7.450000 , 26, 3.636364 , 3.392177, 0.737028 ;
0 , 0.894076 , 7.895735 , 25, 3.767857 , 3.288067, 1.030402 ;
2 , 0.664059 , 7.472907 , 25, 3.625000 , 3.327621, 1.133116 ;
0 , 0.710059 , 7.047619 , 27, 3.500000 , 2.973875, 0.942809 ;
0 , 0.949059 , 7.320574 , 25, 3.732143 , 3.757023, 0.415740 ;
5 , 5.356678 , 7.543379 , 25, 3.910714 , 3.296633, 0.916246 ;
1 , 4.937962 , 8.130435 , 25, 4.107143 , 3.043339, 1.474056 ;
1 , 1.118050 , 7.580000 , 27, 3.703704 , 3.598897, 0.942809 ;
0 , 1.116068 , 7.935780 , 24, 3.824561 , 2.828427, 1.154701 ;
0 , 0.272025 , 5.689075 , 32, 2.428571 , 3.076971, 0.684935 ;
8 , 0.972067 , 7.107981 , 24, 3.736842 , 1.804738, 0.942809 ;
1 , 1.043061 , 7.669767 , 25, 3.839286 , 3.043339, 1.030402 ;
1 , 1.537063 , 7.574162 , 26, 3.800000 , 3.686191, 0.993808 ;
0 , 1.265053 , 7.759091 , 24, 3.859649 , 2.813398, 0.816497 ;
1 , 1.044050 , 6.634286 , 28, 3.301887 , 2.796074, 0.993808 ;
1 , 0.791081 , 7.767442 , 25, 3.839286 , 3.834433, 0.916246 ;
3 , 3.757537 , 7.600877 , 23, 3.931035 , 2.681757, 0.684935 ;
6 , 5.187201 , 6.927536 , 24, 3.631579 , 1.414214, 0.666667 ;
1 , 0.941086 , 8.027523 , 25, 3.892857 , 3.457449, 0.916246 ;
7 , 7.671567 , 7.394495 , 25, 3.892857 , 2.465101, 0.916246 ;
0 , 1.133044 , 7.316583 , 26, 3.618182 , 2.830780, 1.099944 ;
2 , 1.334065 , 7.296651 , 24, 3.666667 , 2.552285, 0.816497 ;
2 , 1.382062 , 7.582089 , 26, 3.654546 , 3.569757, 0.993808 ;
4 , 1.332318 , 8.788462 , 22, 4.406780 , 2.628385, 1.342561 ;
1 , 1.147071 , 7.710407 , 24, 3.877193 , 2.914006, 0.816497 ;
1 , 0.838068 , 7.578432 , 26, 3.709091 , 3.476715, 1.099944 ;
3 , 0.417098 , 7.243523 , 26, 3.509091 , 3.463622, 0.737028 ;
9 , 6.179115 , 7.231482 , 24, 3.789474 , 2.080880, 0.666667 ;
5 , 1.505363 , 7.570094 , 26, 3.890909 , 2.403529, 1.286204 ;
0 , 0.822047 , 7.818627 , 26, 3.709091 , 3.918525, 0.993808 ;
1 , 0.711073 , 8.093333 , 25, 4.017857 , 2.862894, 1.133116 ;
6 , 10.314743 , 6.875622 , 25, 3.589286 , 1.960525, 0.916246 ;
0 , 1.152051 , 7.451457 , 25, 3.678571 , 3.892685, 0.916246 ;
0 , 1.163056 , 8.076555 , 26, 3.800000 , 3.703317, 1.369870 ;
1 , 0.999080 , 7.718182 , 24, 3.859649 , 3.151602, 0.942809 ;
0 , 0.807058 , 7.896861 , 24, 3.912281 , 3.696575, 1.054093 ;
1 , 0.654083 , 6.968586 , 26, 3.472727 , 3.171537, 0.874890 ;
2 , 1.170145 , 7.321782 , 26, 3.672727 , 2.126923, 1.099944 ;
1 , 1.229087 , 7.640394 , 26, 3.690909 , 3.268296, 1.286204 ;
0 , 0.062016 , 5.211538 , 35, 2.260870 , 2.673455, 0.737028 ;
1 , 1.170093 , 8.004545 , 25, 3.928571 , 2.575187, 1.314684 ;
0 , 0.949053 , 7.144279 , 25, 3.589286 , 2.886204, 0.628539 ;
8 , 3.443801 , 7.358140 , 25, 3.839286 , 1.747725, 0.916246 ;
0 , 0.890042 , 7.246073 , 28, 3.603774 , 4.015285, 0.993808 ;
1 , 0.717077 , 7.606965 , 26, 3.654546 , 3.083845, 1.196703 ;
3 , 1.090067 , 7.326733 , 25, 3.607143 , 2.677901, 0.916246 ;
0 , 0.085013 , 5.713044 , 34, 2.446809 , 4.386401, 0.628539 ;
1 , 2.327054 , 7.226316 , 27, 3.518518 , 3.252210, 0.942809 ;
0 , 0.922054 , 7.151833 , 26, 3.472727 , 2.435256, 0.993808 ;
0 , 0.974057 , 7.471795 , 27, 3.611111 , 3.801639, 0.816497 ;
2 , 5.279953 , 8.004484 , 26, 4.054545 , 3.184319, 1.523479 ;
5 , 1.475549 , 7.872727 , 26, 4.000000 , 2.467864, 1.523479 ;
1 , 1.475128 , 7.634703 , 24, 3.842105 , 3.117808, 0.666667 ;
7 , 4.807974 , 7.426009 , 24, 3.912281 , 3.050994, 0.666667 ;
7 , 4.487061 , 7.414747 , 25, 3.875000 , 3.675062, 0.785674 ;
7 , 1.290417 , 7.475771 , 23, 3.913793 , 2.916018, 0.496904 ;
6 , 1.985869 , 7.511111 , 24, 3.947368 , 2.939711, 0.666667 ;
1 , 1.113059 , 6.983871 , 27, 3.444444 , 3.218416, 0.942809 ;
4 , 3.246880 , 7.712963 , 26, 3.927273 , 3.476715, 1.286204 ;
0 , 0.573029 , 5.327586 , 33, 2.416667 , 2.357023, 0.666667 ;
0 , 0.782053 , 7.420792 , 26, 3.672727 , 3.522449, 1.099944 ;
0 , 1.088083 , 9.309211 , 17, 4.750000 , 2.403529, 0.566558 ;
0 , 0.715030 , 5.761905 , 32, 2.571429 , 3.129854, 0.684935 ;
0 , 0.826072 , 7.187192 , 25, 3.625000 , 3.446006, 0.916246 ;
0 , 1.068063 , 7.896552 , 27, 3.759259 , 3.464102, 1.333333 ;
4 , 9.305088 , 8.170213 , 24, 4.122807 , 2.813398, 1.490712 ;
2 , 0.633082 , 7.437811 , 27, 3.722222 , 3.959018, 1.054093 ;
0 , 0.813053 , 7.747663 , 25, 3.821429 , 3.523417, 1.030402 ;
2 , 0.919054 , 7.652778 , 25, 3.857143 , 2.732322, 1.227262 ;
0 , 1.283051 , 7.515306 , 28, 3.698113 , 3.728724, 1.448712 ;
3 , 3.411294 , 8.246094 , 21, 4.266667 , 3.355404, 0.666667 ;
1 , 0.972071 , 7.516908 , 26, 3.763636 , 2.316337, 1.196703 ;
9 , 5.878123 , 7.900453 , 26, 4.018182 , 3.733548, 1.448712 ;
3 , 6.742866 , 8.143478 , 25, 4.107143 , 3.375489, 1.314685 ;
3 , 5.016450 , 8.118942 , 26, 4.127273 , 3.476715, 1.523479 ;
6 , 1.032076 , 8.098214 , 26, 4.072727 , 3.273820, 1.523479 ;
5 , 3.805071 , 7.964602 , 25, 4.035714 , 2.846478, 1.314685 ;
1 , 1.158066 , 7.729469 , 26, 3.763636 , 2.573999, 1.196703 ;
5 , 0.613114 , 7.338235 , 26, 3.709091 , 2.808621, 0.993808 ;
1 , 0.558077 , 7.760563 , 25, 3.803571 , 2.949192, 0.916246 ;
0 , 0.955058 , 7.478469 , 24, 3.666667 , 2.914006, 0.666667 ;
2 , 1.426061 , 8.000000 , 25, 3.892857 , 3.662876, 1.133115 ;
8 , 6.603953 , 8.367966 , 25, 4.125000 , 2.677901, 1.685084 ;
8 , 2.007145 , 8.463203 , 25, 4.125000 , 3.327621, 1.685084 ;
8 , 16.564192 , 8.527659 , 25, 4.196429 , 3.458193, 1.685084 ;
0 , 1.056053 , 7.497512 , 25, 3.589286 , 3.173910, 0.785674 ;
4 , 5.267260 , 7.666667 , 26, 3.927273 , 3.171537, 1.196703 ;
6 , 8.595007 , 7.295774 , 26, 3.872727 , 2.126924, 0.874890 ;
0 , 0.994065 , 7.608911 , 27, 3.740741 , 3.534669, 1.247219 ;
7 , 1.666182 , 7.521739 , 23, 3.965517 , 2.247579, 0.496904 ;
8 , 2.601585 , 7.123223 , 25, 3.767857 , 1.829953, 0.785674 ;
3 , 1.532077 , 7.804762 , 25, 3.750000 , 2.547329, 1.396645 ;
7 , 2.379369 , 7.603604 , 25, 3.964286 , 1.829953, 1.133115 ;
2 , 1.118050 , 7.464115 , 25, 3.732143 , 3.729918, 0.916246 ;
0 , 0.895052 , 6.654971 , 29, 3.288461 , 3.761310, 1.133115 ;
0 , 1.513057 , 7.678049 , 26, 3.727273 , 2.946483, 1.286204 ;
1 , 0.751067 , 8.108491 , 26, 3.854545 , 3.184319, 1.523479 ;
0 , 0.762055 , 7.841122 , 25, 3.821429 , 3.343293, 0.916246 ;
2 , 0.909048 , 7.386935 , 27, 3.685185 , 3.696575, 1.054093 ;
3 , 0.374045 , 7.529126 , 26, 3.745455 , 3.261038, 0.993808 ;
5 , 1.260187 , 7.850000 , 26, 4.000000 , 3.074778, 1.448712 ;
3 , 3.281476 , 7.808219 , 26, 3.981818 , 3.074777, 1.523479 ;
8 , 0.994077 , 7.627615 , 22, 4.050848 , 2.582155, 0.496904 ;
4 , 1.230198 , 6.771144 , 26, 3.654546 , 1.195097, 0.566558 ;
1 , 1.107067 , 7.816832 , 27, 3.740741 , 3.604242, 1.247219 ;
0 , 0.855042 , 7.729858 , 25, 3.767857 , 2.949192, 1.133115 ;
6 , 4.380629 , 7.298245 , 22, 3.864407 , 2.250887, 0.496904 ;
0 , 1.293059 , 7.302439 , 25, 3.660714 , 1.960525, 0.916246 ;
2 , 1.713148 , 7.462687 , 26, 3.654546 , 3.100705, 0.993808 ;
1 , 0.880075 , 9.347682 , 17, 4.718750 , 2.467863, 0.737028 ;
1 , 0.830081 , 7.735577 , 25, 3.714286 , 3.076339, 1.030402 ;
0 , 0.719048 , 7.236181 , 26, 3.618182 , 3.679610, 0.566558 ;
3 , 1.082057 , 7.449761 , 25, 3.732143 , 3.079763, 0.916246 ;
1 , 0.941092 , 7.694064 , 24, 3.842105 , 3.344729, 0.816497 ;
3 , 2.194299 , 7.299539 , 24, 3.807018 , 2.149830, 0.666667 ;
9 , 2.688556 , 7.631356 , 22, 4.000000 , 2.013318, 0.496904 ;
5 , 0.763101 , 7.700000 , 26, 3.818182 , 3.812389, 0.993808 ;
2 , 0.758074 , 7.516908 , 25, 3.696429 , 2.929182, 0.916246 ;
8 , 1.396497 , 7.857143 , 25, 4.000000 , 3.675062, 1.133116 